-1.28173828e-03
-1.78222656e-02
4.76074219e-02
-1.54296875e-01
4.33349609e-03
4.44335938e-02
-2.50244141e-02
-1.87988281e-02
-1.39648438e-01
-2.83203125e-02
2.31445312e-01
-2.95410156e-02
-1.45507812e-01
-1.33789062e-01
-7.17773438e-02
1.51367188e-02
8.23974609e-03
1.25000000e-01
-1.48010254e-03
8.83789062e-02
-3.14941406e-02
-8.69140625e-02
-4.78744507e-04
-2.69531250e-01
-1.44042969e-02
4.88281250e-01
-2.01416016e-02
-1.16210938e-01
-8.72802734e-03
3.39355469e-02
1.11816406e-01
-8.05664062e-02
-1.61132812e-02
3.83377075e-04
-1.44195557e-03
-5.79833984e-03
-2.80761719e-02
-1.35803223e-03
-3.69548798e-05
-6.68945312e-02
-5.56945801e-04
2.73437500e-01
1.01562500e-01
8.64257812e-02
-1.46484375e-01
-1.83105469e-02
1.35742188e-01
-3.75976562e-02
1.59912109e-02
-4.73632812e-02
8.49609375e-02
-8.36181641e-03
-7.91015625e-02
-4.24804688e-02
-1.12304688e-02
-2.70996094e-02
-1.19209290e-04
1.25976562e-01
2.70996094e-02
1.18164062e-01
7.66601562e-02
-2.44140625e-03
4.22363281e-02
-8.25195312e-02
1.77734375e-01
-5.73730469e-02
4.73632812e-02
8.60595703e-03
-8.69140625e-02
-1.83868408e-03
7.36236572e-04
2.40478516e-02
-1.08337402e-03
1.02539062e-02
4.24804688e-02
-3.66210938e-02
-6.07299805e-03
-1.32812500e-01
6.73828125e-02
6.59179688e-02
-6.00585938e-02
-2.31933594e-03
1.47223473e-05
3.85742188e-02
-1.15234375e-01
-3.28063965e-03
-3.98635864e-04
-1.96289062e-01
-9.81445312e-02
-9.08203125e-02
-4.68750000e-02
1.52587891e-02
5.29785156e-02
-7.36236572e-04
-5.32226562e-02
-2.71484375e-01
1.04980469e-01
1.51367188e-01
-8.83789062e-02
-8.30078125e-02
-1.39160156e-02
-2.86865234e-02
-4.21524048e-04
-1.52587891e-03
-1.42578125e-01
2.19726562e-02
-2.12097168e-03
-2.70996094e-02
-1.78527832e-03
-2.94921875e-01
1.61132812e-02
-8.88671875e-02
-5.63964844e-02
7.47070312e-02
1.72851562e-01
-3.85742188e-02
3.88671875e-01
2.75878906e-02
-5.59082031e-02
-4.80957031e-02
-1.03759766e-03
-7.66601562e-02
-6.73828125e-02
-1.61743164e-03
-1.51367188e-02
5.70312500e-01
-4.18090820e-03
-9.65118408e-04
-2.20947266e-02
3.88183594e-02
-6.54296875e-02
4.93164062e-02
-8.73565674e-04
1.35040283e-03
2.05078125e-02
-2.51464844e-02
1.55029297e-02
-2.36511230e-04
2.67333984e-02
-2.00195312e-02
-2.20947266e-02
7.05718994e-04
1.73339844e-02
-6.67572021e-05
4.99725342e-04
-6.88476562e-02
-2.33398438e-01
2.00195312e-01
3.00781250e-01
-1.31835938e-01
-5.54199219e-02
3.86718750e-01
-1.14257812e-01
-1.34277344e-03
-3.78417969e-02
-6.00585938e-02
-2.42614746e-03
-6.68945312e-02
-1.87683105e-03
4.49218750e-02
2.47802734e-02
1.09375000e-01
-1.00097656e-01
-2.89916992e-03
1.46484375e-02
-5.68389893e-04
1.43554688e-01
-1.43432617e-03
2.96630859e-02
-2.09960938e-02
-7.76367188e-02
-1.12152100e-03
4.68750000e-01
-1.72851562e-01
-1.86767578e-02
-1.27929688e-01
-2.33398438e-01
-3.03955078e-02
-7.01904297e-03
-2.96875000e-01
-1.04980469e-01
-5.41992188e-02
-2.34375000e-01
-9.09423828e-03
-3.26156616e-04
6.07299805e-03
1.95312500e-02
-8.98437500e-02
4.39453125e-02
7.13348389e-04
-1.04003906e-01
2.82287598e-04
1.77734375e-01
7.28607178e-04
-1.10351562e-01
-9.65118408e-04
-1.53350830e-03
-9.58251953e-03
-1.14746094e-02
-1.26953125e-01
1.50390625e-01
2.25585938e-01
-2.88009644e-04
-1.44042969e-02
3.56445312e-02
-1.08398438e-01
3.27148438e-02
-3.39355469e-02
-3.46679688e-02
-2.07519531e-03
-6.98089600e-04
-8.49609375e-02
-2.85644531e-02
-3.68118286e-04
1.37939453e-02
-3.85742188e-02
-1.62506104e-03
-1.66015625e-02
-1.94091797e-02
8.48388672e-03
3.82812500e-01
-3.07617188e-02
-1.16210938e-01
4.17480469e-02
-1.44958496e-03
-4.54711914e-03
-2.61306763e-04
-7.13348389e-04
7.47070312e-02
-4.83398438e-02
-2.56347656e-03
4.54101562e-02
5.78613281e-02
-9.08203125e-02
-9.09423828e-03
4.51171875e-01
-5.90820312e-02
1.87500000e-01
-3.41796875e-02
-5.56945801e-04
2.63671875e-02
-1.07910156e-01
8.93554688e-02
-2.70080566e-03
-2.16064453e-02
-9.66796875e-02
-1.83868408e-03
-7.93457031e-04
-4.66308594e-02
2.00195312e-01
-8.20312500e-02
-1.00585938e-01
-1.66320801e-03
-2.88085938e-02
1.05468750e-01
8.59375000e-02
