1.77734375e-01
-1.35742188e-01
8.36181641e-03
-4.51660156e-02
-8.44726562e-02
-1.43554688e-01
-6.22558594e-02
-5.70678711e-03
1.84570312e-01
8.64257812e-02
6.54296875e-02
3.24218750e-01
-5.20019531e-02
-4.12597656e-02
-8.30078125e-02
-7.03125000e-02
-1.76757812e-01
3.24218750e-01
-7.12890625e-02
-6.25000000e-02
7.51953125e-02
-5.84125519e-05
1.19018555e-02
1.48437500e-01
-9.03320312e-02
-2.67578125e-01
-8.74023438e-02
-6.29882812e-02
-2.13867188e-01
-6.34765625e-02
-1.09375000e-01
-9.66796875e-02
-8.49609375e-02
2.45361328e-02
9.21630859e-03
-6.50024414e-03
-8.74023438e-02
-6.73828125e-02
8.49609375e-02
-8.85009766e-03
-1.38671875e-01
-3.83300781e-02
-1.83105469e-02
-1.39648438e-01
-1.33666992e-02
-5.29785156e-02
-1.41601562e-01
1.58203125e-01
-1.15234375e-01
-2.12890625e-01
-1.86523438e-01
-1.58203125e-01
-5.71289062e-02
-3.17382812e-02
-9.71679688e-02
-3.90625000e-02
-1.13525391e-02
-1.41601562e-01
-5.95703125e-02
2.37304688e-01
7.95898438e-02
1.14746094e-02
-6.07910156e-02
5.56640625e-02
-2.39257812e-02
1.75781250e-01
6.73828125e-02
-4.71191406e-02
-8.85009766e-03
-1.02539062e-01
9.96093750e-02
-1.45507812e-01
-2.50244141e-02
-6.29882812e-02
5.71289062e-02
2.29492188e-02
3.02734375e-01
-1.13769531e-01
-1.56250000e-01
-2.42187500e-01
-1.04980469e-02
-1.39648438e-01
8.64257812e-02
1.24511719e-01
8.69140625e-02
8.05664062e-02
-8.39843750e-02
-1.81640625e-01
1.76757812e-01
-1.31835938e-01
-5.02929688e-02
-1.12792969e-01
-5.29785156e-02
-6.62231445e-03
-1.08398438e-01
-7.12890625e-02
1.98242188e-01
1.31225586e-02
-9.52148438e-02
1.41601562e-01
1.56250000e-02
-1.23535156e-01
1.23046875e-01
-1.68457031e-02
-1.85546875e-01
8.88671875e-02
-1.04980469e-01
4.56542969e-02
-1.15722656e-01
5.12695312e-02
1.13281250e-01
-4.85839844e-02
2.34375000e-02
1.33789062e-01
7.12890625e-02
-4.54101562e-02
1.34765625e-01
7.37304688e-02
-2.42919922e-02
-1.12304688e-01
-2.05078125e-01
-1.31835938e-01
-1.36718750e-01
-2.20947266e-02
-2.55859375e-01
-1.64062500e-01
-1.80664062e-01
1.57226562e-01
1.25122070e-02
1.62109375e-01
3.51562500e-01
7.51953125e-02
-3.27148438e-02
-1.65039062e-01
6.07910156e-02
3.69140625e-01
6.34765625e-02
8.36181641e-03
-1.07421875e-01
-6.64062500e-02
-2.29492188e-02
-1.17797852e-02
-6.05468750e-02
1.18164062e-01
-7.51953125e-02
1.65039062e-01
-1.21582031e-01
7.59887695e-03
-1.43554688e-01
-2.44140625e-01
-1.55273438e-01
6.25000000e-02
-3.03955078e-02
-7.03125000e-02
-9.96093750e-02
-1.55273438e-01
-1.66992188e-01
-1.57470703e-02
3.46679688e-02
4.02832031e-02
-1.16699219e-01
-3.85742188e-02
-5.95703125e-02
-1.66992188e-01
3.39355469e-02
-3.11279297e-02
-4.12597656e-02
-2.09960938e-01
1.99218750e-01
2.29492188e-01
2.97546387e-03
-9.37500000e-02
-1.30859375e-01
-1.62109375e-01
-1.32446289e-02
-2.53906250e-01
8.25195312e-02
6.68945312e-02
-9.66796875e-02
-4.85839844e-02
-9.71679688e-02
-1.29882812e-01
3.63769531e-02
4.66308594e-02
1.27929688e-01
-2.04101562e-01
1.30859375e-01
1.38671875e-01
-1.98242188e-01
-6.62231445e-03
-6.98242188e-02
-2.36328125e-01
4.24194336e-03
-1.26953125e-01
-2.23632812e-01
6.07910156e-02
-9.96093750e-02
6.73828125e-02
-1.17187500e-01
-8.39843750e-02
-1.24511719e-01
1.38671875e-01
9.37500000e-02
-6.59179688e-02
-9.47265625e-02
2.23388672e-02
-2.75878906e-02
1.26953125e-01
7.71484375e-02
-2.77099609e-02
3.61328125e-01
6.93359375e-02
6.54296875e-02
-2.44140625e-03
-1.07910156e-01
1.07421875e-02
-6.93359375e-02
-7.76367188e-02
1.66015625e-01
-1.51367188e-01
-1.88476562e-01
-1.90429688e-01
-1.53320312e-01
-1.56250000e-01
-1.51367188e-01
-8.39843750e-02
-1.91406250e-01
-9.03320312e-02
-1.51367188e-01
-2.12890625e-01
-1.59179688e-01
1.30859375e-01
-3.95507812e-02
-7.27539062e-02
1.66015625e-02
-1.98242188e-01
9.33837891e-03
-8.54492188e-02
4.78515625e-02
-1.06445312e-01
-2.06054688e-01
-8.69140625e-02
3.19824219e-02
-1.66992188e-01
1.84570312e-01
1.96533203e-02
-1.87500000e-01
-5.81054688e-02
-1.54296875e-01
-2.39257812e-02
6.54296875e-02
-5.61523438e-02
-1.90429688e-01
-1.86523438e-01
-9.76562500e-02
-7.51953125e-02
