-9.09423828e-03
-4.19616699e-04
1.00097656e-01
9.33837891e-03
-6.43920898e-03
-1.42669678e-03
5.37109375e-02
1.25000000e-01
2.75878906e-02
-3.82995605e-03
-4.17968750e-01
2.73437500e-01
1.69677734e-02
4.32128906e-02
5.83496094e-02
-1.55448914e-04
-1.57165527e-03
2.01171875e-01
-2.57812500e-01
3.65234375e-01
1.05957031e-01
-9.47265625e-02
-4.83398438e-02
1.25000000e-01
-1.23977661e-05
8.30078125e-02
-9.15527344e-04
-1.71661377e-03
-1.07421875e-01
-1.63574219e-02
-1.20117188e-01
-2.50244141e-02
2.08007812e-01
8.88671875e-02
2.14843750e-01
-1.11816406e-01
1.74804688e-01
1.13964081e-04
-2.33459473e-03
-2.82287598e-03
9.08203125e-02
-7.70568848e-04
-1.18255615e-03
-1.60217285e-03
5.46875000e-01
1.44531250e-01
1.48437500e-01
-2.75390625e-01
-3.09753418e-03
2.20703125e-01
-4.71115112e-04
-2.68554688e-03
1.30859375e-01
-1.34277344e-03
2.56347656e-02
3.02734375e-01
3.02734375e-02
5.31250000e-01
-1.35803223e-03
2.55859375e-01
-1.30859375e-01
2.57812500e-01
-1.45721436e-03
2.35351562e-01
-5.51757812e-02
-9.00268555e-04
4.31640625e-01
2.24609375e-01
-3.78417969e-02
2.05039978e-04
2.23632812e-01
-1.22070312e-01
-8.35418701e-04
4.85839844e-02
-1.66015625e-01
1.62109375e-01
5.35156250e-01
1.44531250e-01
-4.95605469e-02
-2.55584717e-04
-5.41992188e-02
-1.09863281e-01
2.11914062e-01
-3.02734375e-02
-6.21795654e-04
-4.12597656e-02
-1.79290771e-03
-1.84326172e-02
-7.51495361e-04
2.72216797e-02
-1.74804688e-01
1.75781250e-01
-7.78198242e-04
-3.06701660e-03
-1.65039062e-01
-2.24304199e-03
2.31445312e-01
-3.70788574e-03
8.58306885e-04
-1.10839844e-01
-2.34985352e-03
2.65625000e-01
1.11816406e-01
4.80957031e-02
9.03320312e-02
4.23828125e-01
-2.90527344e-02
2.67578125e-01
-1.78527832e-03
5.83496094e-02
1.88476562e-01
-1.71661377e-03
-1.51824951e-03
5.49316406e-04
-1.77764893e-03
-2.42187500e-01
8.20312500e-02
-5.83648682e-04
-1.42669678e-03
-1.31988525e-03
-3.75976562e-02
-1.77764893e-03
-2.91015625e-01
1.57226562e-01
-2.23632812e-01
1.48437500e-01
-1.55273438e-01
5.97656250e-01
-4.04357910e-04
9.17968750e-02
-3.55468750e-01
-7.66601562e-02
-3.12500000e-02
2.03125000e-01
-2.53295898e-03
2.94921875e-01
-3.04687500e-01
-1.69921875e-01
-2.79296875e-01
2.75390625e-01
6.63757324e-04
-3.12805176e-03
-6.63757324e-04
4.57031250e-01
3.86718750e-01
-4.90722656e-02
1.09195709e-04
1.52343750e-01
-1.57226562e-01
-1.13281250e-01
-1.50146484e-02
1.46484375e-01
-3.17382812e-02
-1.15234375e-01
-2.10571289e-03
-1.66015625e-01
8.88671875e-02
-2.51953125e-01
-3.12500000e-02
8.59375000e-02
1.02050781e-01
-4.04296875e-01
-3.73046875e-01
-8.27789307e-04
-2.73437500e-01
5.11718750e-01
1.04492188e-01
9.81445312e-02
-2.47192383e-03
-1.53350830e-03
-1.46484375e-01
4.58984375e-02
-3.85284424e-04
-2.00195312e-02
-3.22265625e-01
-2.18200684e-03
7.51953125e-02
-1.39648438e-01
-8.54492188e-02
-3.10546875e-01
-7.91015625e-02
-1.96838379e-03
4.49218750e-01
-4.92095947e-04
1.62109375e-01
-7.12890625e-02
2.88009644e-04
-5.20019531e-02
-1.60156250e-01
2.65625000e-01
-1.68609619e-03
-1.44958496e-03
2.35351562e-01
1.48437500e-01
8.73565674e-04
-2.12402344e-02
-4.08203125e-01
-6.29882812e-02
-2.08007812e-01
2.78472900e-04
-1.46484375e-03
2.66113281e-02
-3.95507812e-02
-8.74023438e-02
-5.27343750e-02
3.47656250e-01
1.66015625e-01
-9.72747803e-04
-1.44958496e-03
-4.99725342e-04
-3.34167480e-03
3.37890625e-01
-1.99890137e-03
-2.36511230e-03
4.68750000e-02
-1.06811523e-03
-2.41088867e-03
-1.82342529e-03
-3.90625000e-01
2.02178955e-04
-7.71484375e-02
5.00679016e-05
1.22070312e-01
-1.15722656e-01
5.27343750e-02
6.71386719e-04
1.05468750e-01
3.32031250e-01
3.70025635e-04
1.68945312e-01
1.11816406e-01
2.61718750e-01
7.28607178e-04
1.89453125e-01
2.61306763e-04
5.54687500e-01
1.61132812e-01
-1.06811523e-03
-6.10351562e-03
1.42578125e-01
-2.96020508e-03
-2.85156250e-01
-5.54199219e-02
7.51953125e-02
-1.09863281e-03
-3.78417969e-03
-9.57489014e-04
2.35351562e-01
4.14062500e-01
-2.44140625e-03
-3.41796875e-01
2.28515625e-01
1.28906250e-01
-5.49316406e-04
2.81250000e-01
8.83789062e-02
