1.92382812e-01
9.17968750e-02
2.51953125e-01
-1.94549561e-03
2.08007812e-01
1.67968750e-01
9.00268555e-04
-1.92260742e-03
-1.70707703e-04
1.65039062e-01
-2.31933594e-03
-1.41601562e-02
9.57489014e-04
-3.82995605e-03
1.16699219e-01
3.78906250e-01
-1.31988525e-03
-1.82342529e-03
4.06250000e-01
2.20703125e-01
1.85966492e-04
6.98089600e-04
2.92968750e-01
-1.19018555e-03
1.03759766e-03
1.55273438e-01
2.57812500e-01
-1.46484375e-03
1.07910156e-01
-4.30297852e-03
-4.27246094e-04
-6.63757324e-04
-4.57763672e-05
2.12669373e-04
-1.86157227e-03
4.27734375e-01
-9.84191895e-04
5.24902344e-03
8.20159912e-04
-3.29589844e-03
-2.70080566e-03
-2.30407715e-03
7.62939453e-04
-1.62506104e-03
4.72656250e-01
2.61306763e-04
-5.66406250e-01
1.31835938e-01
3.08593750e-01
3.57421875e-01
3.94531250e-01
1.96289062e-01
-1.44958496e-03
8.59375000e-02
-3.09753418e-03
-1.86920166e-04
6.56127930e-04
1.79687500e-01
2.98828125e-01
-2.55859375e-01
-1.54296875e-01
9.27734375e-02
9.72747803e-04
-1.73828125e-01
3.18359375e-01
-2.16674805e-03
-4.05883789e-03
1.72851562e-01
2.34375000e-01
2.81250000e-01
-5.43212891e-03
-4.99725342e-04
-2.44140625e-03
2.02148438e-01
2.16796875e-01
3.28125000e-01
3.05175781e-04
-1.55639648e-03
-6.22558594e-03
1.73828125e-01
2.67028809e-04
2.92968750e-01
2.69531250e-01
3.75000000e-01
2.04101562e-01
-1.03027344e-01
-2.12097168e-03
2.85156250e-01
-2.22778320e-03
5.19531250e-01
-1.82342529e-03
1.76757812e-01
1.02539062e-01
3.00781250e-01
3.86718750e-01
1.40625000e-01
1.50680542e-04
1.53320312e-01
-1.03027344e-01
-1.99890137e-03
3.47656250e-01
2.23632812e-01
1.49414062e-01
1.74804688e-01
-4.58984375e-02
2.43164062e-01
6.59179688e-02
5.63964844e-02
-7.99560547e-03
-1.95312500e-03
4.57763672e-04
4.12109375e-01
-1.39648438e-01
3.32031250e-01
1.46484375e-01
-1.89208984e-03
-2.50244141e-03
1.61132812e-02
5.56945801e-04
-2.31445312e-01
2.91015625e-01
2.33398438e-01
-2.18200684e-03
3.24218750e-01
2.89916992e-04
-9.86328125e-02
-2.22778320e-03
4.29153442e-04
-7.99560547e-03
-4.84466553e-04
-1.15966797e-03
2.24609375e-01
-9.61914062e-02
-1.73950195e-03
3.16406250e-01
-9.15527344e-04
3.47656250e-01
4.63867188e-02
-4.92095947e-04
-8.01086426e-05
-4.76837158e-04
1.23901367e-02
-1.16229057e-05
3.77655029e-04
8.85009766e-04
2.81250000e-01
-8.85009766e-03
-2.07519531e-03
2.92968750e-01
-5.21850586e-03
-3.96728516e-03
-3.93676758e-03
2.11914062e-01
3.86718750e-01
-1.80664062e-02
1.95312500e-01
-1.23901367e-02
2.71484375e-01
-1.02050781e-01
-4.73022461e-03
1.66992188e-01
1.10351562e-01
-9.84191895e-04
4.55856323e-04
-1.74713135e-03
-1.48773193e-03
-1.10626221e-04
1.55448914e-04
-7.32421875e-02
-7.62939453e-04
2.59765625e-01
4.86328125e-01
6.40625000e-01
4.66796875e-01
1.40625000e-01
-2.38418579e-04
1.02996826e-03
5.03906250e-01
6.29882812e-02
-2.73437500e-02
-3.98437500e-01
2.60009766e-02
6.05468750e-02
1.36718750e-01
9.86328125e-02
9.86328125e-02
3.51562500e-01
2.91015625e-01
2.40234375e-01
2.19726562e-01
4.76562500e-01
1.56250000e-01
-1.34468079e-04
-1.20544434e-03
-7.87353516e-03
-1.52587891e-03
-3.70788574e-03
1.25000000e-01
-3.29589844e-02
4.53125000e-01
-1.98364258e-03
2.08984375e-01
-2.47192383e-03
-1.78527832e-03
-5.26428223e-04
3.00781250e-01
-6.64062500e-02
-1.39617920e-03
2.67578125e-01
4.17968750e-01
3.14453125e-01
3.61328125e-01
2.46093750e-01
1.39236450e-04
8.58306885e-04
-1.29699707e-03
-2.99072266e-03
-1.74713135e-03
1.73828125e-01
-1.56250000e-01
1.63085938e-01
2.06054688e-01
-3.56445312e-02
-3.41796875e-03
-2.19726562e-03
2.16796875e-01
-1.44042969e-02
-2.08007812e-01
-3.05175781e-03
-2.86865234e-03
-5.58471680e-03
2.73437500e-01
9.86328125e-02
-5.18798828e-03
-2.67578125e-01
-2.53295898e-03
-2.96020508e-03
3.24249268e-04
-8.92639160e-04
2.19726562e-01
3.30078125e-01
2.63671875e-01
2.17773438e-01
7.13348389e-04
2.48046875e-01
2.14843750e-01
3.26156616e-04
1.20117188e-01
2.44140625e-01
7.86781311e-05
5.68389893e-04
1.06445312e-01
-4.06265259e-04
-1.31225586e-02
3.45703125e-01
-6.49414062e-02
