0
23
46
69
92
115
138
161
173
179
202
225
248
271
294
317
340
352
358
381
404
427
450
473
496
519
531
537
560
583
606
629
652
675
698
710
716
739
762
785
808
831
854
877
889
895
918
941
964
987
1010
1033
1056
1068
1074
1097
1120
1143
1166
1189
1212
1235
1247
1253
1276
1299
1322
1345
1368
1391
1414
1426
1432
1455
1478
1501
1524
1547
1570
1593
1605
1610
1632
1654
1676
1698
1720
1742
1764
1775
1780
1790
1800
1810
1820
1830
1840
1850
1860
1863
1879
1895
1911
1927
1943
1959
1975
1978
1995
2012
2029
2046
2063
2080
2097
2100
2117
2134
2151
2168
2185
2202
2219
2222
2239
2256
2273
2290
2307
2324
2341
2344
2361
2378
2395
2412
2429
2446
2463
2466
2483
2500
2517
2534
2551
2568
2585
2588
2605
2622
2639
2656
2673
2690
2707
2710
2727
2744
2761
2778
2795
2812
2829
2832
2849
2866
2883
2900
2917
2934
2951
2954
2969
2984
2999
3014
3029
3044
3059
3062
3064
3066
3068
3070
3072
3074
3076
3078
3080
3084
3088
3092
3096
3100
3104
3108
3113
3117
3121
3125
3129
3133
3137
3141
3145
3150
3154
3158
3162
3166
3170
3174
3178
3182
3187
3191
3195
3199
3203
3207
3211
3215
3219
3224
3228
3232
3236
3240
3244
3248
3252
3256
3261
3265
3269
3273
3277
3281
3285
3289
3293
3298
3302
3306
3310
3314
3318
3322
3326
3330
3335
3339
3343
3347
3351
3355
3359
3363
3367
3372
3376
3380
3384
3388
3392
3396
3400
3404
3409
3413
3417
3421
3425
3429
3433
3437
3441
3446
3450
3452
3454
3456
3458
3460
3462
3464
3466
3468
3470
3472
3474
3476
3478
3480
3482
3484
3486
3488
3490
3492
3494
3496
3498
3500
3502
3504
3506
3508
3510
3512
3514
3516
3518
3520
3522
3524
3526
3528
3530
3532
3534
3536
3538
3540
3542
3544
3546
3548
3550
3552
3554
3556
3558
3560
3562
3564
3566
3568
3570
3572
3574
3576
3578
3580
3582
3584
3586
3588
3590
3592
3594
3596
3598
3600
3602
3604
3606
3608
3610
3612
3614
3616
3618
3620
3622
3624
3626
3628
3630
3632
3634
3636
3638
3640
3642
3644
3646
3648
3650
3652
3654
3656
3658
3660
3662
3664
3666
3668
3670
3672
3674
3676
3678
3680
3682
3684
3686
3688
3690
3692
3694
3696
3698
3700
3702
3704
3706
3708
3710
3712
3714
3716
3718
3720
3722
3724
3726
3728
3730
3732
3734
3736
3738
3740
3742
3744
3746
3748
3750
3752
3754
3756
3758
3760
3762
3764
3766
3768
3770
3772
3774
3776
3778
3780
3782
3784
3786
3788
3790
3792
3794
3796
3798
3800
3802
3804
3806
3808
3810
3812
3814
3816
3818
3820
3822
3823
3826
3829
3832
3835
3838
3841
3844
3845
3848
3851
3854
3857
3860
3863
3866
3867
3870
3873
3876
3879
3882
3885
3888
3889
3892
3895
3898
3901
3904
3907
3910
3911
3914
3917
3920
3923
3926
3929
3932
3933
3936
3939
3942
3945
3948
3951
3954
3955
3958
3961
3964
3967
3970
3973
3976
3977
3980
3983
3986
3989
3992
3995
3998
3999
4002
4005
4008
4011
4014
4017
4020
4021
4036
4051
4066
4081
4096
4111
4126
4141
4156
4171
4186
4201
4216
4231
4246
4261
4276
4291
4306
4321
4336
4351
4366
4381
4396
4411
4426
4441
4456
4471
4486
4501
4516
4531
4546
4561
4576
4591
4606
4621
4636
4651
4666
4681
4696
4711
4726
4741
4756
4771
4786
4801
4816
4831
4846
4861
4876
4891
4906
4921
4936
4951
4966
4981
4996
5011
5026
5041
5056
5071
5086
5101
5116
5131
5146
5161
5176
5191
5206
5221
5236
5251
5266
5281
5296
5311
5326
5341
5356
5371
5386
5401
5416
5431
5446
5461
5476
5491
5506
5521
5536
5551
5566
5581
5596
5611
5626
5641
5656
5671
5672
5673
5674
5675
5676
5677
5678
5679
5680
5681
5682
