0
1
2
3
4
5
6
7
179
188
278
377
537
538
539
540
541
542
543
544
545
546
547
0
1
2
3
4
5
6
7
180
189
279
378
537
538
539
540
541
542
543
544
545
546
547
0
1
2
3
4
5
6
7
181
190
280
379
537
538
539
540
541
542
543
544
545
546
547
0
1
2
3
4
5
6
7
182
191
281
380
537
538
539
540
541
542
543
544
545
546
547
0
1
2
3
4
5
6
7
183
192
282
381
537
538
539
540
541
542
543
544
545
546
547
0
1
2
3
4
5
6
7
184
193
283
382
537
538
539
540
541
542
543
544
545
546
547
0
1
2
3
4
5
6
7
185
194
284
383
537
538
539
540
541
542
543
544
545
546
547
0
1
2
3
4
5
6
7
186
195
285
384
8
187
195
196
286
385
9
10
11
12
13
14
15
16
188
197
287
386
548
549
550
551
552
553
554
555
556
557
558
9
10
11
12
13
14
15
16
189
198
288
387
548
549
550
551
552
553
554
555
556
557
558
9
10
11
12
13
14
15
16
190
199
289
388
548
549
550
551
552
553
554
555
556
557
558
9
10
11
12
13
14
15
16
191
200
290
389
548
549
550
551
552
553
554
555
556
557
558
9
10
11
12
13
14
15
16
192
201
291
390
548
549
550
551
552
553
554
555
556
557
558
9
10
11
12
13
14
15
16
193
202
292
391
548
549
550
551
552
553
554
555
556
557
558
9
10
11
12
13
14
15
16
194
203
293
392
548
549
550
551
552
553
554
555
556
557
558
9
10
11
12
13
14
15
16
195
204
294
393
17
196
204
205
295
394
18
19
20
21
22
23
24
25
197
206
296
395
559
560
561
562
563
564
565
566
567
568
569
18
19
20
21
22
23
24
25
198
207
297
396
559
560
561
562
563
564
565
566
567
568
569
18
19
20
21
22
23
24
25
199
208
298
397
559
560
561
562
563
564
565
566
567
568
569
18
19
20
21
22
23
24
25
200
209
299
398
559
560
561
562
563
564
565
566
567
568
569
18
19
20
21
22
23
24
25
201
210
300
399
559
560
561
562
563
564
565
566
567
568
569
18
19
20
21
22
23
24
25
202
211
301
400
559
560
561
562
563
564
565
566
567
568
569
18
19
20
21
22
23
24
25
203
212
302
401
559
560
561
562
563
564
565
566
567
568
569
18
19
20
21
22
23
24
25
204
213
303
402
26
205
213
214
304
403
27
28
29
30
31
32
33
34
206
215
305
404
570
571
572
573
574
575
576
577
578
579
580
27
28
29
30
31
32
33
34
207
216
306
405
570
571
572
573
574
575
576
577
578
579
580
27
28
29
30
31
32
33
34
208
217
307
406
570
571
572
573
574
575
576
577
578
579
580
27
28
29
30
31
32
33
34
209
218
308
407
570
571
572
573
574
575
576
577
578
579
580
27
28
29
30
31
32
33
34
210
219
309
408
570
571
572
573
574
575
576
577
578
579
580
27
28
29
30
31
32
33
34
211
220
310
409
570
571
572
573
574
575
576
577
578
579
580
27
28
29
30
31
32
33
34
212
221
311
410
570
571
572
573
574
575
576
577
578
579
580
27
28
29
30
31
32
33
34
213
222
312
411
35
214
222
223
313
412
36
37
38
39
40
41
42
43
215
224
314
413
581
582
583
584
585
586
587
588
589
590
591
36
37
38
39
40
41
42
43
216
225
315
414
581
582
583
584
585
586
587
588
589
590
591
36
37
38
39
40
41
42
43
217
226
316
415
581
582
583
584
585
586
587
588
589
590
591
36
37
38
39
40
41
42
43
218
227
317
416
581
582
583
584
585
586
587
588
589
590
591
36
37
38
39
40
41
42
43
219
228
318
417
581
582
583
584
585
586
587
588
589
590
591
36
37
38
39
40
41
42
43
220
229
319
418
581
582
583
584
585
586
587
588
589
590
591
36
37
38
39
40
41
42
43
221
230
320
419
581
582
583
584
585
586
587
588
589
590
591
36
37
38
39
40
41
42
43
222
231
321
420
44
223
231
232
322
421
45
46
47
48
49
50
51
52
224
233
323
422
592
593
594
595
596
597
598
599
600
601
602
45
46
47
48
49
50
51
52
225
234
324
423
592
593
594
595
596
597
598
599
600
601
602
45
46
47
48
49
50
51
52
226
235
325
424
592
593
594
595
596
597
598
599
600
601
602
45
46
47
48
49
50
51
52
227
236
326
425
592
593
594
595
596
597
598
599
600
601
602
45
46
47
48
49
50
51
52
228
237
327
426
592
593
594
595
596
597
598
599
600
601
602
45
46
47
48
49
50
51
52
229
238
328
427
592
593
594
595
596
597
598
599
600
601
602
45
46
47
48
49
50
51
52
230
239
329
428
592
593
594
595
596
597
598
599
600
601
602
45
46
47
48
49
50
51
52
231
240
330
429
53
232
240
241
331
430
54
55
56
57
58
59
60
61
233
242
332
431
603
604
605
606
607
608
609
610
611
612
613
54
55
56
57
58
59
60
61
234
243
333
432
603
604
605
606
607
608
609
610
611
612
613
54
55
56
57
58
59
60
61
235
244
334
433
603
604
605
606
607
608
609
610
611
612
613
54
55
56
57
58
59
60
61
236
245
335
434
603
604
605
606
607
608
609
610
611
612
613
54
55
56
57
58
59
60
61
237
246
336
435
603
604
605
606
607
608
609
610
611
612
613
54
55
56
57
58
59
60
61
238
247
337
436
603
604
605
606
607
608
609
610
611
612
613
54
55
56
57
58
59
60
61
239
248
338
437
603
604
605
606
607
608
609
610
611
612
613
54
55
56
57
58
59
60
61
240
249
339
438
62
241
249
250
340
439
63
64
65
66
67
68
69
70
242
251
341
440
614
615
616
617
618
619
620
621
622
623
624
63
64
65
66
67
68
69
70
243
252
342
441
614
615
616
617
618
619
620
621
622
623
624
63
64
65
66
67
68
69
70
244
253
343
442
614
615
616
617
618
619
620
621
622
623
624
63
64
65
66
67
68
69
70
245
254
344
443
614
615
616
617
618
619
620
621
622
623
624
63
64
65
66
67
68
69
70
246
255
345
444
614
615
616
617
618
619
620
621
622
623
624
63
64
65
66
67
68
69
70
247
256
346
445
614
615
616
617
618
619
620
621
622
623
624
63
64
65
66
67
68
69
70
248
257
347
446
614
615
616
617
618
619
620
621
622
623
624
63
64
65
66
67
68
69
70
249
258
348
447
71
250
258
259
349
448
72
73
74
75
76
77
78
79
251
260
350
449
625
626
627
628
629
630
631
632
633
634
635
72
73
74
75
76
77
78
79
252
261
351
450
625
626
627
628
629
630
631
632
633
634
635
72
73
74
75
76
77
78
79
253
262
352
451
625
626
627
628
629
630
631
632
633
634
635
72
73
74
75
76
77
78
79
254
263
353
452
625
626
627
628
629
630
631
632
633
634
635
72
73
74
75
76
77
78
79
255
264
354
453
625
626
627
628
629
630
631
632
633
634
635
72
73
74
75
76
77
78
79
256
265
355
454
625
626
627
628
629
630
631
632
633
634
635
72
73
74
75
76
77
78
79
257
266
356
455
625
626
627
628
629
630
631
632
633
634
635
72
73
74
75
76
77
78
79
258
267
357
456
80
259
267
268
358
81
82
83
84
85
86
87
88
260
269
359
636
637
638
639
640
641
642
643
644
645
646
81
82
83
84
85
86
87
88
261
270
360
636
637
638
639
640
641
642
643
644
645
646
81
82
83
84
85
86
87
88
262
271
361
636
637
638
639
640
641
642
643
644
645
646
81
82
83
84
85
86
87
88
263
272
362
636
637
638
639
640
641
642
643
644
645
646
81
82
83
84
85
86
87
88
264
273
363
636
637
638
639
640
641
642
643
644
645
646
81
82
83
84
85
86
87
88
265
274
364
636
637
638
639
640
641
642
643
644
645
646
81
82
83
84
85
86
87
88
266
275
365
636
637
638
639
640
641
642
643
644
645
646
81
82
83
84
85
86
87
88
267
276
366
89
268
276
277
367
90
91
92
93
94
95
96
97
269
368
90
91
92
93
94
95
96
97
270
369
90
91
92
93
94
95
96
97
271
370
90
91
92
93
94
95
96
97
272
371
90
91
92
93
94
95
96
97
273
372
90
91
92
93
94
95
96
97
274
373
90
91
92
93
94
95
96
97
275
374
90
91
92
93
94
95
96
97
276
375
98
277
376
99
107
188
457
465
537
538
539
540
541
542
543
544
545
546
547
100
108
189
458
466
537
538
539
540
541
542
543
544
545
546
547
101
109
190
459
467
537
538
539
540
541
542
543
544
545
546
547
102
110
191
460
468
537
538
539
540
541
542
543
544
545
546
547
103
111
192
461
469
537
538
539
540
541
542
543
544
545
546
547
104
112
193
462
470
537
538
539
540
541
542
543
544
545
546
547
105
113
194
463
471
537
538
539
540
541
542
543
544
545
546
547
106
195
196
99
107
115
197
465
473
548
549
550
551
552
553
554
555
556
557
558
100
108
116
198
466
474
548
549
550
551
552
553
554
555
556
557
558
101
109
117
199
467
475
548
549
550
551
552
553
554
555
556
557
558
102
110
118
200
468
476
548
549
550
551
552
553
554
555
556
557
558
103
111
119
201
469
477
548
549
550
551
552
553
554
555
556
557
558
104
112
120
202
470
478
548
549
550
551
552
553
554
555
556
557
558
105
113
121
203
471
479
548
549
550
551
552
553
554
555
556
557
558
114
204
205
107
115
123
206
473
481
559
560
561
562
563
564
565
566
567
568
569
108
116
124
207
474
482
559
560
561
562
563
564
565
566
567
568
569
109
117
125
208
475
483
559
560
561
562
563
564
565
566
567
568
569
110
118
126
209
476
484
559
560
561
562
563
564
565
566
567
568
569
111
119
127
210
477
485
559
560
561
562
563
564
565
566
567
568
569
112
120
128
211
478
486
559
560
561
562
563
564
565
566
567
568
569
113
121
129
212
479
487
559
560
561
562
563
564
565
566
567
568
569
122
213
214
115
123
131
215
481
489
570
571
572
573
574
575
576
577
578
579
580
116
124
132
216
482
490
570
571
572
573
574
575
576
577
578
579
580
117
125
133
217
483
491
570
571
572
573
574
575
576
577
578
579
580
118
126
134
218
484
492
570
571
572
573
574
575
576
577
578
579
580
119
127
135
219
485
493
570
571
572
573
574
575
576
577
578
579
580
120
128
136
220
486
494
570
571
572
573
574
575
576
577
578
579
580
121
129
137
221
487
495
570
571
572
573
574
575
576
577
578
579
580
130
222
223
123
131
139
224
489
497
581
582
583
584
585
586
587
588
589
590
591
124
132
140
225
490
498
581
582
583
584
585
586
587
588
589
590
591
125
133
141
226
491
499
581
582
583
584
585
586
587
588
589
590
591
126
134
142
227
492
500
581
582
583
584
585
586
587
588
589
590
591
127
135
143
228
493
501
581
582
583
584
585
586
587
588
589
590
591
128
136
144
229
494
502
581
582
583
584
585
586
587
588
589
590
591
129
137
145
230
495
503
581
582
583
584
585
586
587
588
589
590
591
138
231
232
131
139
147
233
497
505
592
593
594
595
596
597
598
599
600
601
602
132
140
148
234
498
506
592
593
594
595
596
597
598
599
600
601
602
133
141
149
235
499
507
592
593
594
595
596
597
598
599
600
601
602
134
142
150
236
500
508
592
593
594
595
596
597
598
599
600
601
602
135
143
151
237
501
509
592
593
594
595
596
597
598
599
600
601
602
136
144
152
238
502
510
592
593
594
595
596
597
598
599
600
601
602
137
145
153
239
503
511
592
593
594
595
596
597
598
599
600
601
602
146
240
241
139
147
155
242
505
513
603
604
605
606
607
608
609
610
611
612
613
140
148
156
243
506
514
603
604
605
606
607
608
609
610
611
612
613
141
149
157
244
507
515
603
604
605
606
607
608
609
610
611
612
613
142
150
158
245
508
516
603
604
605
606
607
608
609
610
611
612
613
143
151
159
246
509
517
603
604
605
606
607
608
609
610
611
612
613
144
152
160
247
510
518
603
604
605
606
607
608
609
610
611
612
613
145
153
161
248
511
519
603
604
605
606
607
608
609
610
611
612
613
154
249
250
147
155
163
251
513
521
614
615
616
617
618
619
620
621
622
623
624
148
156
164
252
514
522
614
615
616
617
618
619
620
621
622
623
624
149
157
165
253
515
523
614
615
616
617
618
619
620
621
622
623
624
150
158
166
254
516
524
614
615
616
617
618
619
620
621
622
623
624
151
159
167
255
517
525
614
615
616
617
618
619
620
621
622
623
624
152
160
168
256
518
526
614
615
616
617
618
619
620
621
622
623
624
153
161
169
257
519
527
614
615
616
617
618
619
620
621
622
623
624
162
258
259
155
163
171
260
521
529
625
626
627
628
629
630
631
632
633
634
635
156
164
172
261
522
530
625
626
627
628
629
630
631
632
633
634
635
157
165
173
262
523
531
625
626
627
628
629
630
631
632
633
634
635
158
166
174
263
524
532
625
626
627
628
629
630
631
632
633
634
635
159
167
175
264
525
533
625
626
627
628
629
630
631
632
633
634
635
160
168
176
265
526
534
625
626
627
628
629
630
631
632
633
634
635
161
169
177
266
527
535
625
626
627
628
629
630
631
632
633
634
635
170
267
268
163
171
269
529
636
637
638
639
640
641
642
643
644
645
646
164
172
270
530
636
637
638
639
640
641
642
643
644
645
646
165
173
271
531
636
637
638
639
640
641
642
643
644
645
646
166
174
272
532
636
637
638
639
640
641
642
643
644
645
646
167
175
273
533
636
637
638
639
640
641
642
643
644
645
646
168
176
274
534
636
637
638
639
640
641
642
643
644
645
646
169
177
275
535
636
637
638
639
640
641
642
643
644
645
646
178
276
277
0
179
1
180
2
181
3
182
4
183
5
184
6
185
7
186
8
187
0
9
99
188
1
10
100
189
2
11
101
190
3
12
102
191
4
13
103
192
5
14
104
193
6
15
105
194
7
8
16
106
195
8
17
106
196
9
18
107
197
10
19
108
198
11
20
109
199
12
21
110
200
13
22
111
201
14
23
112
202
15
24
113
203
16
17
25
114
204
17
26
114
205
18
27
115
206
19
28
116
207
20
29
117
208
21
30
118
209
22
31
119
210
23
32
120
211
24
33
121
212
25
26
34
122
213
26
35
122
214
27
36
123
215
28
37
124
216
29
38
125
217
30
39
126
218
31
40
127
219
32
41
128
220
33
42
129
221
34
35
43
130
222
35
44
130
223
36
45
131
224
37
46
132
225
38
47
133
226
39
48
134
227
40
49
135
228
41
50
136
229
42
51
137
230
43
44
52
138
231
44
53
138
232
45
54
139
233
46
55
140
234
47
56
141
235
48
57
142
236
49
58
143
237
50
59
144
238
51
60
145
239
52
53
61
146
240
53
62
146
241
54
63
147
242
55
64
148
243
56
65
149
244
57
66
150
245
58
67
151
246
59
68
152
247
60
69
153
248
61
62
70
154
249
62
71
154
250
63
72
155
251
64
73
156
252
65
74
157
253
66
75
158
254
67
76
159
255
68
77
160
256
69
78
161
257
70
71
79
162
258
71
80
162
259
72
81
163
260
73
82
164
261
74
83
165
262
75
84
166
263
76
85
167
264
77
86
168
265
78
87
169
266
79
80
88
170
267
80
89
170
268
81
90
171
269
82
91
172
270
83
92
173
271
84
93
174
272
85
94
175
273
86
95
176
274
87
96
177
275
88
89
97
178
276
89
98
178
277
0
278
1
279
2
280
3
281
4
282
5
283
6
284
7
285
8
286
9
287
10
288
11
289
12
290
13
291
14
292
15
293
16
294
17
295
18
296
19
297
20
298
21
299
22
300
23
301
24
302
25
303
26
304
27
305
28
306
29
307
30
308
31
309
32
310
33
311
34
312
35
313
36
314
37
315
38
316
39
317
40
318
41
319
42
320
43
321
44
322
45
323
46
324
47
325
48
326
49
327
50
328
51
329
52
330
53
331
54
332
55
333
56
334
57
335
58
336
59
337
60
338
61
339
62
340
63
341
64
342
65
343
66
344
67
345
68
346
69
347
70
348
71
349
72
350
73
351
74
352
75
353
76
354
77
355
78
356
79
357
80
358
81
359
82
360
83
361
84
362
85
363
86
364
87
365
88
366
89
367
90
368
91
369
92
370
93
371
94
372
95
373
96
374
97
375
98
376
0
377
1
378
2
379
3
380
4
381
5
382
6
383
7
384
8
385
9
386
10
387
11
388
12
389
13
390
14
391
15
392
16
393
17
394
18
395
19
396
20
397
21
398
22
399
23
400
24
401
25
402
26
403
27
404
28
405
29
406
30
407
31
408
32
409
33
410
34
411
35
412
36
413
37
414
38
415
39
416
40
417
41
418
42
419
43
420
44
421
45
422
46
423
47
424
48
425
49
426
50
427
51
428
52
429
53
430
54
431
55
432
56
433
57
434
58
435
59
436
60
437
61
438
62
439
63
440
64
441
65
442
66
443
67
444
68
445
69
446
70
447
71
448
72
449
73
450
74
451
75
452
76
453
77
454
78
455
79
456
99
457
100
458
101
459
102
460
103
461
104
462
105
463
464
99
107
465
100
108
466
101
109
467
102
110
468
103
111
469
104
112
470
105
113
471
472
107
115
473
108
116
474
109
117
475
110
118
476
111
119
477
112
120
478
113
121
479
480
115
123
481
116
124
482
117
125
483
118
126
484
119
127
485
120
128
486
121
129
487
488
123
131
489
124
132
490
125
133
491
126
134
492
127
135
493
128
136
494
129
137
495
496
131
139
497
132
140
498
133
141
499
134
142
500
135
143
501
136
144
502
137
145
503
504
139
147
505
140
148
506
141
149
507
142
150
508
143
151
509
144
152
510
145
153
511
512
147
155
513
148
156
514
149
157
515
150
158
516
151
159
517
152
160
518
153
161
519
520
155
163
521
156
164
522
157
165
523
158
166
524
159
167
525
160
168
526
161
169
527
528
163
171
529
164
172
530
165
173
531
166
174
532
167
175
533
168
176
534
169
177
535
536
0
1
2
3
4
5
6
99
100
101
102
103
104
105
537
0
1
2
3
4
5
6
99
100
101
102
103
104
105
538
0
1
2
3
4
5
6
99
100
101
102
103
104
105
539
0
1
2
3
4
5
6
99
100
101
102
103
104
105
540
0
1
2
3
4
5
6
99
100
101
102
103
104
105
541
0
1
2
3
4
5
6
99
100
101
102
103
104
105
542
0
1
2
3
4
5
6
99
100
101
102
103
104
105
543
0
1
2
3
4
5
6
99
100
101
102
103
104
105
544
0
1
2
3
4
5
6
99
100
101
102
103
104
105
545
0
1
2
3
4
5
6
99
100
101
102
103
104
105
546
0
1
2
3
4
5
6
99
100
101
102
103
104
105
547
9
10
11
12
13
14
15
107
108
109
110
111
112
113
548
9
10
11
12
13
14
15
107
108
109
110
111
112
113
549
9
10
11
12
13
14
15
107
108
109
110
111
112
113
550
9
10
11
12
13
14
15
107
108
109
110
111
112
113
551
9
10
11
12
13
14
15
107
108
109
110
111
112
113
552
9
10
11
12
13
14
15
107
108
109
110
111
112
113
553
9
10
11
12
13
14
15
107
108
109
110
111
112
113
554
9
10
11
12
13
14
15
107
108
109
110
111
112
113
555
9
10
11
12
13
14
15
107
108
109
110
111
112
113
556
9
10
11
12
13
14
15
107
108
109
110
111
112
113
557
9
10
11
12
13
14
15
107
108
109
110
111
112
113
558
18
19
20
21
22
23
24
115
116
117
118
119
120
121
559
18
19
20
21
22
23
24
115
116
117
118
119
120
121
560
18
19
20
21
22
23
24
115
116
117
118
119
120
121
561
18
19
20
21
22
23
24
115
116
117
118
119
120
121
562
18
19
20
21
22
23
24
115
116
117
118
119
120
121
563
18
19
20
21
22
23
24
115
116
117
118
119
120
121
564
18
19
20
21
22
23
24
115
116
117
118
119
120
121
565
18
19
20
21
22
23
24
115
116
117
118
119
120
121
566
18
19
20
21
22
23
24
115
116
117
118
119
120
121
567
18
19
20
21
22
23
24
115
116
117
118
119
120
121
568
18
19
20
21
22
23
24
115
116
117
118
119
120
121
569
27
28
29
30
31
32
33
123
124
125
126
127
128
129
570
27
28
29
30
31
32
33
123
124
125
126
127
128
129
571
27
28
29
30
31
32
33
123
124
125
126
127
128
129
572
27
28
29
30
31
32
33
123
124
125
126
127
128
129
573
27
28
29
30
31
32
33
123
124
125
126
127
128
129
574
27
28
29
30
31
32
33
123
124
125
126
127
128
129
575
27
28
29
30
31
32
33
123
124
125
126
127
128
129
576
27
28
29
30
31
32
33
123
124
125
126
127
128
129
577
27
28
29
30
31
32
33
123
124
125
126
127
128
129
578
27
28
29
30
31
32
33
123
124
125
126
127
128
129
579
27
28
29
30
31
32
33
123
124
125
126
127
128
129
580
36
37
38
39
40
41
42
131
132
133
134
135
136
137
581
36
37
38
39
40
41
42
131
132
133
134
135
136
137
582
36
37
38
39
40
41
42
131
132
133
134
135
136
137
583
36
37
38
39
40
41
42
131
132
133
134
135
136
137
584
36
37
38
39
40
41
42
131
132
133
134
135
136
137
585
36
37
38
39
40
41
42
131
132
133
134
135
136
137
586
36
37
38
39
40
41
42
131
132
133
134
135
136
137
587
36
37
38
39
40
41
42
131
132
133
134
135
136
137
588
36
37
38
39
40
41
42
131
132
133
134
135
136
137
589
36
37
38
39
40
41
42
131
132
133
134
135
136
137
590
36
37
38
39
40
41
42
131
132
133
134
135
136
137
591
45
46
47
48
49
50
51
139
140
141
142
143
144
145
592
45
46
47
48
49
50
51
139
140
141
142
143
144
145
593
45
46
47
48
49
50
51
139
140
141
142
143
144
145
594
45
46
47
48
49
50
51
139
140
141
142
143
144
145
595
45
46
47
48
49
50
51
139
140
141
142
143
144
145
596
45
46
47
48
49
50
51
139
140
141
142
143
144
145
597
45
46
47
48
49
50
51
139
140
141
142
143
144
145
598
45
46
47
48
49
50
51
139
140
141
142
143
144
145
599
45
46
47
48
49
50
51
139
140
141
142
143
144
145
600
45
46
47
48
49
50
51
139
140
141
142
143
144
145
601
45
46
47
48
49
50
51
139
140
141
142
143
144
145
602
54
55
56
57
58
59
60
147
148
149
150
151
152
153
603
54
55
56
57
58
59
60
147
148
149
150
151
152
153
604
54
55
56
57
58
59
60
147
148
149
150
151
152
153
605
54
55
56
57
58
59
60
147
148
149
150
151
152
153
606
54
55
56
57
58
59
60
147
148
149
150
151
152
153
607
54
55
56
57
58
59
60
147
148
149
150
151
152
153
608
54
55
56
57
58
59
60
147
148
149
150
151
152
153
609
54
55
56
57
58
59
60
147
148
149
150
151
152
153
610
54
55
56
57
58
59
60
147
148
149
150
151
152
153
611
54
55
56
57
58
59
60
147
148
149
150
151
152
153
612
54
55
56
57
58
59
60
147
148
149
150
151
152
153
613
63
64
65
66
67
68
69
155
156
157
158
159
160
161
614
63
64
65
66
67
68
69
155
156
157
158
159
160
161
615
63
64
65
66
67
68
69
155
156
157
158
159
160
161
616
63
64
65
66
67
68
69
155
156
157
158
159
160
161
617
63
64
65
66
67
68
69
155
156
157
158
159
160
161
618
63
64
65
66
67
68
69
155
156
157
158
159
160
161
619
63
64
65
66
67
68
69
155
156
157
158
159
160
161
620
63
64
65
66
67
68
69
155
156
157
158
159
160
161
621
63
64
65
66
67
68
69
155
156
157
158
159
160
161
622
63
64
65
66
67
68
69
155
156
157
158
159
160
161
623
63
64
65
66
67
68
69
155
156
157
158
159
160
161
624
72
73
74
75
76
77
78
163
164
165
166
167
168
169
625
72
73
74
75
76
77
78
163
164
165
166
167
168
169
626
72
73
74
75
76
77
78
163
164
165
166
167
168
169
627
72
73
74
75
76
77
78
163
164
165
166
167
168
169
628
72
73
74
75
76
77
78
163
164
165
166
167
168
169
629
72
73
74
75
76
77
78
163
164
165
166
167
168
169
630
72
73
74
75
76
77
78
163
164
165
166
167
168
169
631
72
73
74
75
76
77
78
163
164
165
166
167
168
169
632
72
73
74
75
76
77
78
163
164
165
166
167
168
169
633
72
73
74
75
76
77
78
163
164
165
166
167
168
169
634
72
73
74
75
76
77
78
163
164
165
166
167
168
169
635
81
82
83
84
85
86
87
171
172
173
174
175
176
177
636
81
82
83
84
85
86
87
171
172
173
174
175
176
177
637
81
82
83
84
85
86
87
171
172
173
174
175
176
177
638
81
82
83
84
85
86
87
171
172
173
174
175
176
177
639
81
82
83
84
85
86
87
171
172
173
174
175
176
177
640
81
82
83
84
85
86
87
171
172
173
174
175
176
177
641
81
82
83
84
85
86
87
171
172
173
174
175
176
177
642
81
82
83
84
85
86
87
171
172
173
174
175
176
177
643
81
82
83
84
85
86
87
171
172
173
174
175
176
177
644
81
82
83
84
85
86
87
171
172
173
174
175
176
177
645
81
82
83
84
85
86
87
171
172
173
174
175
176
177
646
647
648
649
650
651
652
653
654
655
656
657
