0
1
2
3
4
5
6
7
8
9
10
11
12
13
14
15
16
14,15,16,17
18
17,18,19
12,13,19,20
11,20,21
22
23
24
24,25
9,10,21,25,26
11,20,27
17,18,28
24,26,29
30
31
32
33
34
35
36
36,37
38
39
40
40,41
34,35,37,41,42
36,43
40,42,44
22,23,25,37,43,45
46
47
48
49
50
51
52
52,53
54
55
56
56,57
50,51,53,57,58
52,59
56,58,60
61
62
63
64
65
66
66,67
68
68,69
70
69,71
71,72
70,71,73
74
73,74,75
65,67,75,76
66,77
74,76,78
72,73,79
54,55,57,67,77,80
38,39,41,53,59,81
46,47,60,77,82
83
84
85
86
87
88
89
90
91
92
93
94
95
96
97
98
99
100
101
102
103
104
105
106
107
108
109
110
111
112
113
114
115
116
117
118
119
120
121
122
123
124
125
126
127
128
129
130
131
132
133
134
135
136
137
138
139
140
141
142
143
144
145
146
147
148
149
150
151
152
153
154
155
156
157
158
159
160
161
162
163
164
165
166
167
168
169
170
171
172
173
174
175
176
177
178
179
180
181
182
183
182,183,184
179,180,184,185
176,177,184,185,186
173,174,184,185,186,187
170,171,184,185,186,187,188
167,168,184,185,186,187,188,189
190
191
192
193
190,193,194
194,195
194,196
194,197
194,198
194,199
194,200
194,201
194,202
194,203
194,204
194,205
184,185,186,187,188,189,192,193,206
165,174,195,196,197,198,199,200,201,202,203,204,205,207
164,171,195,196,197,198,199,200,201,202,203,204,205,208
163,168,195,196,197,198,199,200,201,202,203,204,205,209
162,180,195,196,197,198,199,200,201,202,203,204,205,210
161,177,195,196,197,198,199,200,201,202,203,204,205,211
160,183,195,196,197,198,199,200,201,202,203,204,205,212
159,181,183,195,196,197,198,199,200,201,202,203,204,205,213
156,172,174,195,196,197,198,199,200,201,202,203,204,205,213,214
153,169,171,195,196,197,198,199,200,201,202,203,204,205,213,214,215
150,166,168,195,196,197,198,199,200,201,202,203,204,205,213,214,215,216
147,178,180,195,196,197,198,199,200,201,202,203,204,205,213,214,215,216,217
144,175,177,195,196,197,198,199,200,201,202,203,204,205,213,214,215,216,217,218
130,191,193,195,196,197,198,199,200,201,202,203,204,205,213,214,215,216,217,218,219
127,131,132,133,134,135,136,137,138,139,140,141,159,160,212,220
126,131,132,133,134,135,136,137,138,139,140,141,144,161,211,221
125,131,132,133,134,135,136,137,138,139,140,141,147,162,210,222
124,131,132,133,134,135,136,137,138,139,140,141,150,163,209,223
123,131,132,133,134,135,136,137,138,139,140,141,153,164,208,224
122,131,132,133,134,135,136,137,138,139,140,141,156,165,207,225
121,130,131,132,133,134,135,136,137,138,139,140,141,190,194,226
120,128,129,130,131,132,133,134,135,136,137,138,139,140,141,227
117,131,132,133,134,135,136,137,138,139,140,141,142,143,144,227,228
114,131,132,133,134,135,136,137,138,139,140,141,145,146,147,227,228,229
111,131,132,133,134,135,136,137,138,139,140,141,148,149,150,227,228,229,230
108,131,132,133,134,135,136,137,138,139,140,141,151,152,153,227,228,229,230,231
105,131,132,133,134,135,136,137,138,139,140,141,154,155,156,227,228,229,230,231,232
91,131,132,133,134,135,136,137,138,139,140,141,157,158,159,227,228,229,230,231,232,233
88,92,93,94,95,96,97,98,99,100,101,102,120,121,226,234
87,92,93,94,95,96,97,98,99,100,101,102,108,123,224,235
86,92,93,94,95,96,97,98,99,100,101,102,111,124,223,236
85,92,93,94,95,96,97,98,99,100,101,102,114,125,222,237
84,92,93,94,95,96,97,98,99,100,101,102,117,126,221,238
83,91,92,93,94,95,96,97,98,99,100,101,102,127,220,239
240
241
242
243
244
245
246
247
248
249
250
251
252
253
254
255
256
257
258
259
260
261
262
263
264
265
266
267
268
269
270
271
272
273
274
275
276
277
278
279
280
267,268,269,270,271,272,273,274,275,276,277,278,279,280,281
264,265,266,267,270,271,272,273,274,275,276,277,278,279,280,282
257,258,259,260,270,271,272,273,274,275,276,277,278,279,280,282,283
284
285
286
287
288
289
290
291
292
293
294
295
296
297
298
299
300
301
302
303
304
305
306
307
308
309
310
311
312
313
314
315
316
317
318
319
320
321
322
309,310,311,312,313,314,315,316,317,318,319,320,321,322,323
306,307,308,309,312,313,314,315,316,317,318,319,320,321,322,324
301,302,303,312,313,314,315,316,317,318,319,320,321,322,325
298,299,300,301,312,313,314,315,316,317,318,319,320,321,322,324,326
327
328
329
330
331
332
333
334
335
336
337
338
339
340
341
342
343
344
345
346
347
348
349
350
351
352
353
354
355
356
357
358
359
360
361
362
363
364
365
366
367
368
369
370
371
372
373
374
375
376
377
378
379
380
381
382
383
384
385
386
387
388
383,384,388,389
390
391
392
393
394
395
390,391,395,396
397
398
399
400
401
402
397,398,402,403
404
405
406
407
408
409
404,405,409,410
411
412
413
414
415
416
411,412,416,417
418
419
420
421
422
423
424
425
426
427
428
429
430
431
432
433
434
429,430,434,435
436
437
438
439
440
441
436,437,441,442
438,439,440,441,443
431,432,433,434,443,444
385,386,387,388,443,444,445
392,393,394,395,443,444,445,446
399,400,401,402,443,444,445,446,447
406,407,408,409,443,444,445,446,447,448
413,414,415,416,443,444,445,446,447,448,449
389,396,403,410,417,435,442,443,444,445,446,447,448,449,450
389,396,403,410,417,435,442,443,444,445,446,447,448,449,451
389,396,403,410,417,435,442,443,444,445,446,447,448,449,452
389,396,403,410,417,435,442,443,444,445,446,447,448,449,453
389,396,403,410,417,435,442,443,444,445,446,447,448,449,454
389,396,403,410,417,435,442,443,444,445,446,447,448,449,455
389,396,403,410,417,435,442,443,444,445,446,447,448,449,456
389,396,403,410,417,435,442,443,444,445,446,447,448,449,457
389,396,403,410,417,435,442,443,444,445,446,447,448,449,458
389,396,403,410,417,435,442,443,444,445,446,447,448,449,459
389,396,403,410,417,435,442,443,444,445,446,447,448,449,460
381,382,391,396,418,419,420,421,422,423,424,425,426,427,428,461
379,380,381,395,418,419,420,421,422,423,424,425,426,427,428,462
376,377,378,388,418,419,420,421,422,423,424,425,426,427,428,462,463
375,378,384,389,418,419,420,421,422,423,424,425,426,427,428,464
372,373,374,416,418,419,420,421,422,423,424,425,426,427,428,462,463,465
371,374,412,417,418,419,420,421,422,423,424,425,426,427,428,466
368,369,370,409,418,419,420,421,422,423,424,425,426,427,428,462,463,465,467
367,370,405,410,418,419,420,421,422,423,424,425,426,427,428,468
364,365,366,402,418,419,420,421,422,423,424,425,426,427,428,462,463,465,467,469
363,366,398,403,418,419,420,421,422,423,424,425,426,427,428,470
471
472
473
474
475
476
477
478
479
480
481
482
483
484
485
486
487
488
489
490
491
492
493
494
495
496
497
484,485,486,487,488,489,490,491,492,493,494,495,496,497,498
481,482,483,484,487,488,489,490,491,492,493,494,495,496,497,499
476,477,478,487,488,489,490,491,492,493,494,495,496,497,500
473,474,475,476,487,488,489,490,491,492,493,494,495,496,497,499,501
418,419,420,421,422,423,424,425,426,427,428,434,462,463,465,467,469,471,472,473,502
418,419,420,421,422,423,424,425,426,427,428,441,462,463,465,467,469,479,480,481,502,503
418,419,420,421,422,423,424,425,426,427,428,437,442,481,485,498,504
418,419,420,421,422,423,424,425,426,427,428,430,435,473,477,500,505
360,361,362,366,487,488,489,490,491,492,493,494,495,496,497,499,501,506
359,362,363,470,487,488,489,490,491,492,493,494,495,496,497,507
356,357,358,378,487,488,489,490,491,492,493,494,495,496,497,499,501,506,508
355,358,375,464,487,488,489,490,491,492,493,494,495,496,497,509
352,353,354,381,487,488,489,490,491,492,493,494,495,496,497,499,501,506,508,510
351,354,382,461,487,488,489,490,491,492,493,494,495,496,497,511
512
513
514
515
516
517
518
519
520
521
522
523
524
525
526
527
528
529
530
531
532
533
534
535
536
537
538
525,526,527,528,529,530,531,532,533,534,535,536,537,538,539
522,523,524,525,528,529,530,531,532,533,534,535,536,537,538,540
517,518,519,528,529,530,531,532,533,534,535,536,537,538,541
514,515,516,517,528,529,530,531,532,533,534,535,536,537,538,540,542
370,487,488,489,490,491,492,493,494,495,496,497,499,501,506,508,510,512,513,514,543
374,487,488,489,490,491,492,493,494,495,496,497,499,501,506,508,510,520,521,522,543,544
371,466,487,488,489,490,491,492,493,494,495,496,497,522,526,539,545
367,468,487,488,489,490,491,492,493,494,495,496,497,514,518,541,546
348,349,350,354,528,529,530,531,532,533,534,535,536,537,538,540,542,547
347,350,351,511,528,529,530,531,532,533,534,535,536,537,538,548
344,345,346,358,528,529,530,531,532,533,534,535,536,537,538,540,542,547,549
343,346,355,509,528,529,530,531,532,533,534,535,536,537,538,550
340,341,342,362,528,529,530,531,532,533,534,535,536,537,538,540,542,547,549,551
339,342,359,507,528,529,530,531,532,533,534,535,536,537,538,552
553
554
555
556
557
558
559
560
561
562
563
564
565
566
567
568
569
570
571
572
573
574
575
576
577
578
579
566,567,568,569,570,571,572,573,574,575,576,577,578,579,580
563,564,565,566,569,570,571,572,573,574,575,576,577,578,579,581
558,559,560,569,570,571,572,573,574,575,576,577,578,579,582
555,556,557,558,569,570,571,572,573,574,575,576,577,578,579,581,583
484,528,529,530,531,532,533,534,535,536,537,538,540,542,547,549,551,561,562,563,584
478,500,528,529,530,531,532,533,534,535,536,537,538,555,559,582,585
486,498,528,529,530,531,532,533,534,535,536,537,538,563,567,580,586
476,528,529,530,531,532,533,534,535,536,537,538,540,542,547,549,551,553,554,555,584,587
336,337,338,342,569,570,571,572,573,574,575,576,577,578,579,581,583,588
335,338,339,552,569,570,571,572,573,574,575,576,577,578,579,589
332,333,334,346,569,570,571,572,573,574,575,576,577,578,579,581,583,588,590
331,334,343,550,569,570,571,572,573,574,575,576,577,578,579,591
328,329,330,350,569,570,571,572,573,574,575,576,577,578,579,581,583,588,590,592
327,330,347,548,569,570,571,572,573,574,575,576,577,578,579,593
304,305,306,525,569,570,571,572,573,574,575,576,577,578,579,581,583,588,590,592,594
298,302,325,519,541,569,570,571,572,573,574,575,576,577,578,579,595
306,310,323,527,539,569,570,571,572,573,574,575,576,577,578,579,596
296,297,298,517,569,570,571,572,573,574,575,576,577,578,579,581,583,588,590,592,594,597
293,294,295,312,313,314,315,316,317,318,319,320,321,322,324,326,330,598
292,295,312,313,314,315,316,317,318,319,320,321,322,327,593,599
289,290,291,312,313,314,315,316,317,318,319,320,321,322,324,326,334,598,600
288,291,312,313,314,315,316,317,318,319,320,321,322,331,591,601
285,286,287,312,313,314,315,316,317,318,319,320,321,322,324,326,338,598,600,602
284,287,312,313,314,315,316,317,318,319,320,321,322,335,589,603
255,256,257,312,313,314,315,316,317,318,319,320,321,322,324,326,558,598,600,602,604
262,263,264,312,313,314,315,316,317,318,319,320,321,322,324,326,566,598,600,602,604,605
264,268,281,312,313,314,315,316,317,318,319,320,321,322,568,580,606
257,261,312,313,314,315,316,317,318,319,320,321,322,560,582,607
252,253,254,270,271,272,273,274,275,276,277,278,279,280,282,283,287,608
2,3,4,28,443,444,445,446,447,448,449,609
5,6,27,28,462,463,465,467,469,502,503,610
7,8,27,29,499,501,506,508,510,543,544,611
0,1,29,43,540,542,547,549,551,584,587,612
32,33,43,44,581,583,588,590,592,594,597,613
30,31,44,59,324,326,598,600,602,604,605,614
240,241,242,270,271,272,273,274,275,276,277,278,279,280,282,283,291,608,615
243,244,245,270,271,272,273,274,275,276,277,278,279,280,282,283,295,608,615,616
246,247,248,270,271,272,273,274,275,276,277,278,279,280,282,283,301,608,615,616,617
249,250,251,270,271,272,273,274,275,276,277,278,279,280,282,283,309,608,615,616,617,618
82,89,90,91,92,93,94,95,96,97,98,99,100,101,102,242,619
82,92,93,94,95,96,97,98,99,100,101,102,115,116,117,245,619,620
82,92,93,94,95,96,97,98,99,100,101,102,112,113,114,254,619,620,621
82,92,93,94,95,96,97,98,99,100,101,102,118,119,120,248,619,620,621,622
82,92,93,94,95,96,97,98,99,100,101,102,109,110,111,260,619,620,621,622,623
82,92,93,94,95,96,97,98,99,100,101,102,106,107,108,251,619,620,621,622,623,624
82,92,93,94,95,96,97,98,99,100,101,102,103,104,105,267,619,620,621,622,623,624,625
63,64,77,78,227,228,229,230,231,232,233,626
62,78,79,213,214,215,216,217,218,219,627
61,79,184,185,186,187,188,189,206,628
83,239,242,270,271,272,273,274,275,276,277,278,279,280,288,601,629
84,238,245,270,271,272,273,274,275,276,277,278,279,280,292,599,630
85,237,254,270,271,272,273,274,275,276,277,278,279,280,284,603,631
88,234,248,270,271,272,273,274,275,276,277,278,279,280,303,325,632
86,236,260,261,270,271,272,273,274,275,276,277,278,279,280,607,633
87,235,251,270,271,272,273,274,275,276,277,278,279,280,311,323,634
92,93,94,95,96,97,98,99,100,101,102,105,122,225,269,281,635
48,49,59,60,282,283,608,615,616,617,618,636
637
638
639
640
641
642
643
644
645
646
647
648
649
650
651
652
653
654
655
656
657
