0,
0,
0,
0,
0,
0,
0,
0,
0,
0,
0,
0,
0,
0,
0,
0,
0,
0,
0,
0,
0,
0,
0,
0,
0,
0,
0,
0,
0,
0,
0,
0,
0,
0,
0,
0,
0,
0,
0,
0,
0,
0,
0,
0,
0,
0,
0,
0,
0,
0,
0,
0,
0,
0,
0,
0,
0,
0,
0,
0,
0,
0,
0,
0,
0,
0,
0,
0,
0,
0,
0,
0,
0,
0,
0,
0,
0,
0,
0,
0,
0,
0,
2,14,15
0,
0,
0,
0,
0,
0,
0,
0,
0,
0,
0,
0,
0,
0,
0,
0,
0,
0,
0,
0,
0,
0,
0,
0,
0,
0,
0,
0,
0,
0,
0,
0,
0,
0,
0,
0,
0,
0,
0,
0,
0,
0,
0,
0,
0,
0,
0,
0,
0,
0,
0,
0,
0,
0,
0,
0,
0,
0,
0,
0,
0,
0,
0,
0,
0,
0,
0,
0,
0,
0,
0,
0,
0,
0,
0,
0,
0,
0,
0,
0,
0,
0,
0,
0,
0,
0,
0,
0,
0,
0,
0,
0,
0,
0,
0,
0,
0,
0,
0,
0,
0,
0,
0,
0,
0,
0,
0,
0,
0,
0,
0,
0,
0,
0,
0,
0,
0,
0,
0,
0,
0,
0,
0,
0,
2,5,14
2,4,11
2,3,8
0,
2,17
0,
0,
2,12,14,28
2,9,11
2,6,8,22
2,18,19,20
2,15,16,17
2,2
2,31
0,
2,19,29
2,3,22,28
2,4,25,27
2,5,26,28
2,2,3,4,5,6,7,8,9,10,11,12,13,25,30
2,0,1,2
2,3
2,3,4,18
2,3,4,5
2,3,4,5,6,12,23,24,25
2,3,4,5,6,7,9,26,27,28
2,3,4,5,6,7,8,27,29,30,31
2,2,3,4,5,6,24
2,0,1,2,3,4,5,6
2,0,1,2,3,4,5,6,28,31
2,0,1,2,3,4,5,6,29,30,31
3,0,1,2,3,4,5,6,29,30,31
3,0,1,2,3,4,5,6,28,29,30,31
0,
0,
0,
0,
0,
0,
0,
0,
0,
0,
0,
0,
0,
0,
0,
0,
0,
0,
0,
0,
0,
0,
0,
0,
0,
0,
0,
0,
0,
0,
0,
0,
0,
0,
0,
0,
0,
0,
0,
0,
0,
0,
0,
0,
0,
0,
0,
0,
0,
0,
0,
0,
0,
0,
0,
0,
0,
0,
0,
0,
0,
0,
0,
0,
0,
0,
0,
0,
0,
0,
0,
0,
0,
0,
0,
0,
0,
0,
0,
0,
0,
0,
0,
0,
0,
0,
0,
0,
0,
0,
0,
0,
0,
0,
0,
0,
0,
0,
0,
0,
0,
0,
0,
0,
0,
0,
0,
0,
0,
0,
0,
0,
0,
0,
0,
0,
0,
0,
0,
0,
0,
0,
0,
0,
0,
0,
0,
0,
0,
0,
0,
0,
0,
0,
0,
0,
0,
0,
0,
0,
0,
0,
0,
0,
0,
0,
0,
0,
0,
0,
0,
0,
0,
0,
0,
0,
0,
0,
0,
0,
0,
0,
0,
0,
0,
0,
0,
0,
0,
0,
0,
0,
0,
0,
0,
0,
0,
0,
0,
0,
0,
0,
0,
0,
0,
0,
0,
0,
0,
0,
0,
0,
0,
0,
0,
0,
0,
0,
0,
0,
0,
0,
0,
0,
0,
0,
0,
0,
0,
2,0,29,30,31
2,1,19,26
2,1,19,26
2,1,19,26
2,1,19,26
2,1,5,19,26
2,1,5,19,26
2,1,5,19,26
2,1,5,19,26
2,1,5,19,26
2,1,5,19,26
2,1,5,19,26
3,2,3,4,5,6,7,8,9,10,11,12,30
3,2,3,4,5,6,7,8,9,10,11,12
3,2,3,4,5,6,7,8,9,10,11,12
3,0,2,3,4,5,6,7,8,9,10,11,12
2,1,2,3,4,5,6,7,8,9,10,11,12
2,1,2,3,4,5,6,7,8,9,10,11,12
2,2,3,4,5,6,7,8,9,10,11,12,16,17,18
2,2,3,4,5,6,7,8,9,10,11,12,15,18
3,2,3,4,5,6,7,8,9,10,11,12,13,14,18,19
3,2,3,4,5,6,7,8,9,10,11,12,14,19
0,
0,
0,
0,
0,
0,
0,
0,
0,
0,
0,
0,
0,
0,
0,
0,
0,
0,
0,
0,
0,
0,
0,
0,
0,
0,
0,
0,
0,
0,
0,
2,2,3,4,5,6,7,8,9,10,11,12,18,19,21
2,0,1,2,3,4,5,6,7,8,9,10,11,12,19,20,21,22,31
3,1,2,3,4,5,6,7,8,9,10,11,12,18,19,20,21,22
2,2,3,4,5,6,7,8,9,10,11,12,14,19,20,21,22,29
2,8,9,10,14,21,22
2,7,10,11,22
2,15,16,17,18,19,20,21,22,26
2,16,17,18,19,20,21,22,23
2,13,14,15,16,17,18,19,20,21,22,29
2,13,14,15,16,17,18,19,20,21,22,30
0,
0,
0,
0,
0,
0,
0,
0,
0,
0,
0,
0,
0,
0,
0,
0,
0,
0,
0,
0,
0,
0,
0,
0,
0,
0,
0,
0,
0,
0,
0,
2,18,19,20,21,22,30
3,8,9,10,17,18,19,20,21,22,28,29,30,31
3,10,14,18,19,20,21,22,27,28,29,30,31
2,15,20,21,22,29,30,31
3,2,28,29,30,31
3,27,30,31
2,24,25,26,28,29,30,31
2,3,23,26,29,30,31
2,20,21,22,26,27,28,29,30,31
2,7,19,22,27,28,29,30,31
0,
0,
0,
0,
0,
0,
0,
0,
0,
0,
0,
0,
0,
0,
0,
0,
0,
0,
0,
0,
0,
0,
0,
0,
0,
0,
0,
0,
0,
0,
0,
3,4,5,6,7,17,18,19,20,21,22,23,24,25,26,27,28,29,30,31
3,6,7,8,20,21,22,23,24,25,26,27,28,29,30,31
3,4,5,6,7,8,18,19,20,21,22,23,24,25,26,27,28,29,30,31
3,7,8,9,10,20,21,22,23,24,25,26,27,28,29,30,31
2,7,8
2,8
2,5,6,7,8,12,13,26
2,6,7,8,11,14
3,3,4,5,6,7,8,9,10,30
3,4,5,6,7,8,10,27
3,0,1,2,3,4,5,6,7,8,13,16,17,27,28,29,30,31
3,0,1,2,3,4,5,6,7,8,10,14,29,30,31
3,0,1,2,3,4,5,6,7,8,15,18,27,28,29,30,31
3,0,1,2,3,4,5,6,7,8,9,10,29,30,31
2,5,6
2,4,7
2,1,2,3,14
2,0,3,24
2,18,24,25,29,30,31
2,15,24,25,26,28,31
3,0,1,6,14,24,25,26,27,31
3,4,5,6,7,8,22,24,25,26,27,28
3,4,5,6,8,12,24,25,26,27,28,29
3,1,5,6,16,24,25,26,27,28,29,30
2,26,27,28,29,30,31
4,0,1,2,3,4,5,6,7,8,9,10,11,12,13,14,15,16,17,18,19,20,21,22,23,24,25,26,27,28,29,30,31
3,0,1,5,6,8,13,14,15,16,17,18,19,20,21,22,23,24,25,26,27,28,29,30,31
3,0,1,2,7,8,13,17,18,19,20,21,22,23,24,25,26,27,28,29,30,31
3,0,1,2,3,8,11,12,13,17,18,28,29,30,31
2,0,1,11,12,13,17,18
2,4,5,18,27,28,30,31
2,3,16,17,18,24,25,26,27
2,7,19,20,21,22,23,24,25,26,27
3,5,6,18,19,20,21,22,23,24,25,26,27
3,3,4,5,6,18,19,20,21,22,23,24,25,26,27
2,1,2,3,4,5,6,9,10,18
3,1,2,3,4,5,6,7,8,9,10,11,21
3,0,1,2,3,4,5,6,7,8,9,10,11,12,18,30
3,1,2,3,4,5,6,7,8,9,10,11,12,13,24
3,0,1,2,3,4,5,6,7,8,9,10,11,12,13,14,15,28,29,30,31
3,1,2,3,4,5,6,7,8,9,10,11,12,13,14,15
3,0,1,2,3,4,5,6,7,8,9,10,11,12,13,14,15,28,29,30,31
3,3,4,5,6,7,8,9,10,11,12,13,14,15,16,17
3,1,2,3,4,5,6,7,8,9,10,11,12,13,14,15,16,17,18,30
4,1,2,3,4,5,6,7,8,9,10,11,12,13,14,15,16,17,18,19,24,25,26,27,28,29
3,0,14,15,16,17,18,19,20,25,26,27
3,4,14,15,16,17,18,19,20,21,23,24,25,26,27
3,13,14,15,16,17,18,19,20,21,22,27,28,30
4,5,6,10,11,12,13,14,15,16,17,18,19,20,21,22,23,24,25,26,27
3,4,5,12,13,14,15,16,17,18,19,20,21,22,23,24
5,3,4,5,6,11,12,13,14,15,16,17,18,19,20,21,22,23,24,25,26,27
3,0,1,2,3,4,5,6,7,8,9,10,11,12,13,14,15,25,26,28,29,30,31
3,16,17,18,26,27,28
0,
0,
0,
0,
0,
0,
0,
0,
0,
0,
0,
0,
0,
0,
0,
0,
0,
0,
0,
0,
0,
