
















(14,0),(15,0),(0,1)

(1,1),(2,1)
(12,0),(13,0),(3,1)
(11,0),(4,1)



(8,1)
(9,0),(10,0),(5,1),(9,1)
(11,0),(4,1),(5,1),(10,1)
(1,1),(2,1),(3,1),(4,1),(5,1),(10,1),(11,1)
(8,1),(9,1),(10,1),(11,1),(12,1)







(4,2)



(8,2)
(2,2),(3,2),(5,2),(9,2)
(4,2),(5,2),(10,2)
(8,2),(9,2),(10,2),(11,2)
(6,1),(7,1),(9,1),(10,1),(11,1),(12,1),(13,1),(5,2),(10,2),(11,2),(12,2)







(4,3)



(8,3)
(2,3),(3,3),(5,3),(9,3)
(4,3),(5,3),(10,3)
(8,3),(9,3),(10,3),(11,3)






(2,4)

(4,4)

(5,4)
(7,4)
(6,4),(7,4),(8,4)

(9,4),(10,4)
(1,4),(3,4),(11,4)
(2,4),(3,4),(12,4)
(10,4),(11,4),(12,4),(13,4)
(8,4),(9,4),(11,4),(12,4),(13,4),(14,4)
(6,3),(7,3),(9,3),(10,3),(11,3),(12,3),(3,4),(12,4),(13,4),(14,4),(15,4)
(6,2),(7,2),(9,2),(10,2),(11,2),(12,2),(13,2),(5,3),(10,3),(11,3),(12,3),(0,5)
(14,2),(15,2),(12,3),(13,4),(14,4),(15,4),(0,5),(1,5)





































































































(6,11),(7,11)
(3,11),(4,11),(8,11)
(0,11),(1,11),(8,11),(9,11)
(13,10),(14,10),(8,11),(9,11),(10,11)
(10,10),(11,10),(8,11),(9,11),(10,11),(11,11)
(7,10),(8,10),(8,11),(9,11),(10,11),(11,11),(12,11)




(14,11),(1,12)
(2,12)
(2,12),(3,12)
(2,12),(3,12),(4,12)
(2,12),(3,12),(4,12),(5,12)
(2,12),(3,12),(4,12),(5,12),(6,12)
(2,12),(3,12),(4,12),(5,12),(6,12),(7,12)
(2,12),(3,12),(4,12),(5,12),(6,12),(7,12),(8,12)
(2,12),(3,12),(4,12),(5,12),(6,12),(7,12),(8,12),(9,12)
(2,12),(3,12),(4,12),(5,12),(6,12),(7,12),(8,12),(9,12),(10,12)
(2,12),(3,12),(4,12),(5,12),(6,12),(7,12),(8,12),(9,12),(10,12),(11,12)
(2,12),(3,12),(4,12),(5,12),(6,12),(7,12),(8,12),(9,12),(10,12),(11,12),(12,12)
(8,11),(9,11),(10,11),(11,11),(12,11),(13,11),(0,12),(1,12),(2,12),(3,12),(4,12),(5,12),(6,12),(7,12),(8,12),(9,12),(10,12),(11,12),(12,12),(13,12)
(5,10),(14,10),(11,11),(12,11),(13,11),(3,12),(4,12),(5,12),(6,12),(7,12),(8,12),(9,12),(10,12),(11,12),(12,12),(13,12),(14,12)
(4,10),(11,10),(12,11),(13,11),(3,12),(4,12),(5,12),(6,12),(7,12),(8,12),(9,12),(10,12),(11,12),(12,12),(13,12),(14,12),(15,12)
(3,10),(8,10),(13,11),(3,12),(4,12),(5,12),(6,12),(7,12),(8,12),(9,12),(10,12),(11,12),(12,12),(13,12),(14,12),(15,12),(0,13)
(2,10),(4,11),(9,11),(10,11),(11,11),(12,11),(13,11),(3,12),(4,12),(5,12),(6,12),(7,12),(8,12),(9,12),(10,12),(11,12),(12,12),(13,12),(14,12),(15,12),(0,13),(1,13)
(1,10),(1,11),(10,11),(11,11),(12,11),(13,11),(3,12),(4,12),(5,12),(6,12),(7,12),(8,12),(9,12),(10,12),(11,12),(12,12),(13,12),(14,12),(15,12),(0,13),(1,13),(2,13)
(0,10),(7,11),(8,11),(9,11),(10,11),(11,11),(12,11),(13,11),(3,12),(4,12),(5,12),(6,12),(7,12),(8,12),(9,12),(10,12),(11,12),(12,12),(13,12),(14,12),(15,12),(0,13),(1,13),(2,13),(3,13)
(15,9),(5,11),(7,11),(8,11),(9,11),(10,11),(11,11),(12,11),(13,11),(3,12),(4,12),(5,12),(6,12),(7,12),(8,12),(9,12),(10,12),(11,12),(12,12),(13,12),(14,12),(15,12),(0,13),(1,13),(2,13),(3,13),(4,13)
(12,9),(12,10),(14,10),(11,11),(12,11),(13,11),(3,12),(4,12),(5,12),(6,12),(7,12),(8,12),(9,12),(10,12),(11,12),(12,12),(13,12),(14,12),(15,12),(0,13),(1,13),(2,13),(3,13),(4,13),(5,13)
(9,9),(9,10),(11,10),(12,11),(13,11),(3,12),(4,12),(5,12),(6,12),(7,12),(8,12),(9,12),(10,12),(11,12),(12,12),(13,12),(14,12),(15,12),(0,13),(1,13),(2,13),(3,13),(4,13),(5,13),(6,13)
(6,9),(6,10),(8,10),(13,11),(3,12),(4,12),(5,12),(6,12),(7,12),(8,12),(9,12),(10,12),(11,12),(12,12),(13,12),(14,12),(15,12),(0,13),(1,13),(2,13),(3,13),(4,13),(5,13),(6,13),(7,13)
(3,9),(2,11),(4,11),(9,11),(10,11),(11,11),(12,11),(13,11),(3,12),(4,12),(5,12),(6,12),(7,12),(8,12),(9,12),(10,12),(11,12),(12,12),(13,12),(14,12),(15,12),(0,13),(1,13),(2,13),(3,13),(4,13),(5,13),(6,13),(7,13),(8,13)
(0,9),(15,10),(1,11),(10,11),(11,11),(12,11),(13,11),(3,12),(4,12),(5,12),(6,12),(7,12),(8,12),(9,12),(10,12),(11,12),(12,12),(13,12),(14,12),(15,12),(0,13),(1,13),(2,13),(3,13),(4,13),(5,13),(6,13),(7,13),(8,13),(9,13)
(2,8),(15,11),(1,12),(2,12),(3,12),(4,12),(5,12),(6,12),(7,12),(8,12),(9,12),(10,12),(11,12),(12,12),(13,12),(14,12),(15,12),(0,13),(1,13),(2,13),(3,13),(4,13),(5,13),(6,13),(7,13),(8,13),(9,13),(10,13)
(15,7),(3,8),(4,8),(5,8),(6,8),(7,8),(8,8),(9,8),(10,8),(11,8),(12,8),(13,8),(15,9),(0,10),(4,13),(5,13),(6,13),(7,13),(8,13),(9,13),(10,13),(11,13)
(14,7),(3,8),(4,8),(5,8),(6,8),(7,8),(8,8),(9,8),(10,8),(11,8),(12,8),(13,8),(0,9),(1,10),(3,13),(4,13),(5,13),(6,13),(7,13),(8,13),(9,13),(10,13),(11,13),(12,13)
(13,7),(3,8),(4,8),(5,8),(6,8),(7,8),(8,8),(9,8),(10,8),(11,8),(12,8),(13,8),(3,9),(2,10),(2,13),(3,13),(4,13),(5,13),(6,13),(7,13),(8,13),(9,13),(10,13),(11,13),(12,13),(13,13)
(12,7),(3,8),(4,8),(5,8),(6,8),(7,8),(8,8),(9,8),(10,8),(11,8),(12,8),(13,8),(6,9),(3,10),(1,13),(2,13),(3,13),(4,13),(5,13),(6,13),(7,13),(8,13),(9,13),(10,13),(11,13),(12,13),(13,13),(14,13)
(11,7),(3,8),(4,8),(5,8),(6,8),(7,8),(8,8),(9,8),(10,8),(11,8),(12,8),(13,8),(9,9),(4,10),(0,13),(1,13),(2,13),(3,13),(4,13),(5,13),(6,13),(7,13),(8,13),(9,13),(10,13),(11,13),(12,13),(13,13),(14,13),(15,13)
(10,7),(3,8),(4,8),(5,8),(6,8),(7,8),(8,8),(9,8),(10,8),(11,8),(12,8),(13,8),(12,9),(5,10),(15,12),(0,13),(1,13),(2,13),(3,13),(4,13),(5,13),(6,13),(7,13),(8,13),(9,13),(10,13),(11,13),(12,13),(13,13),(14,13),(15,13),(0,14)
(9,7),(2,8),(3,8),(4,8),(5,8),(6,8),(7,8),(8,8),(9,8),(10,8),(11,8),(12,8),(13,8),(14,11),(2,12),(3,12),(4,12),(5,12),(6,12),(7,12),(8,12),(9,12),(10,12),(11,12),(12,12),(13,12),(14,12),(15,12),(0,13),(1,13),(2,13),(3,13),(4,13),(5,13),(6,13),(7,13),(8,13),(9,13),(10,13),(11,13),(12,13),(13,13),(14,13),(15,13),(0,14),(1,14)
(8,7),(0,8),(1,8),(2,8),(3,8),(4,8),(5,8),(6,8),(7,8),(8,8),(9,8),(10,8),(11,8),(12,8),(13,8),(11,13),(12,13),(13,13),(14,13),(15,13),(0,14),(1,14),(2,14)
(5,7),(3,8),(4,8),(5,8),(6,8),(7,8),(8,8),(9,8),(10,8),(11,8),(12,8),(13,8),(14,8),(15,8),(0,9),(10,13),(11,13),(12,13),(13,13),(14,13),(15,13),(0,14),(1,14),(2,14),(3,14)
(2,7),(3,8),(4,8),(5,8),(6,8),(7,8),(8,8),(9,8),(10,8),(11,8),(12,8),(13,8),(1,9),(2,9),(3,9),(9,13),(10,13),(11,13),(12,13),(13,13),(14,13),(15,13),(0,14),(1,14),(2,14),(3,14),(4,14)
(15,6),(3,8),(4,8),(5,8),(6,8),(7,8),(8,8),(9,8),(10,8),(11,8),(12,8),(13,8),(4,9),(5,9),(6,9),(8,13),(9,13),(10,13),(11,13),(12,13),(13,13),(14,13),(15,13),(0,14),(1,14),(2,14),(3,14),(4,14),(5,14)
(12,6),(3,8),(4,8),(5,8),(6,8),(7,8),(8,8),(9,8),(10,8),(11,8),(12,8),(13,8),(7,9),(8,9),(9,9),(7,13),(8,13),(9,13),(10,13),(11,13),(12,13),(13,13),(14,13),(15,13),(0,14),(1,14),(2,14),(3,14),(4,14),(5,14),(6,14)
(9,6),(3,8),(4,8),(5,8),(6,8),(7,8),(8,8),(9,8),(10,8),(11,8),(12,8),(13,8),(10,9),(11,9),(12,9),(6,13),(7,13),(8,13),(9,13),(10,13),(11,13),(12,13),(13,13),(14,13),(15,13),(0,14),(1,14),(2,14),(3,14),(4,14),(5,14),(6,14),(7,14)
(11,5),(3,8),(4,8),(5,8),(6,8),(7,8),(8,8),(9,8),(10,8),(11,8),(12,8),(13,8),(13,9),(14,9),(15,9),(5,13),(6,13),(7,13),(8,13),(9,13),(10,13),(11,13),(12,13),(13,13),(14,13),(15,13),(0,14),(1,14),(2,14),(3,14),(4,14),(5,14),(6,14),(7,14),(8,14)
(8,5),(12,5),(13,5),(14,5),(15,5),(0,6),(1,6),(2,6),(3,6),(4,6),(5,6),(6,6),(8,7),(9,7),(2,14),(3,14),(4,14),(5,14),(6,14),(7,14),(8,14),(9,14)
(7,5),(12,5),(13,5),(14,5),(15,5),(0,6),(1,6),(2,6),(3,6),(4,6),(5,6),(6,6),(12,6),(11,7),(0,14),(1,14),(2,14),(3,14),(4,14),(5,14),(6,14),(7,14),(8,14),(9,14),(10,14)
(6,5),(12,5),(13,5),(14,5),(15,5),(0,6),(1,6),(2,6),(3,6),(4,6),(5,6),(6,6),(15,6),(12,7),(15,13),(0,14),(1,14),(2,14),(3,14),(4,14),(5,14),(6,14),(7,14),(8,14),(9,14),(10,14),(11,14)
(5,5),(12,5),(13,5),(14,5),(15,5),(0,6),(1,6),(2,6),(3,6),(4,6),(5,6),(6,6),(2,7),(13,7),(14,13),(15,13),(0,14),(1,14),(2,14),(3,14),(4,14),(5,14),(6,14),(7,14),(8,14),(9,14),(10,14),(11,14),(12,14)
(4,5),(12,5),(13,5),(14,5),(15,5),(0,6),(1,6),(2,6),(3,6),(4,6),(5,6),(6,6),(5,7),(14,7),(13,13),(14,13),(15,13),(0,14),(1,14),(2,14),(3,14),(4,14),(5,14),(6,14),(7,14),(8,14),(9,14),(10,14),(11,14),(12,14),(13,14)
(3,5),(11,5),(12,5),(13,5),(14,5),(15,5),(0,6),(1,6),(2,6),(3,6),(4,6),(5,6),(6,6),(15,7),(12,13),(13,13),(14,13),(15,13),(0,14),(1,14),(2,14),(3,14),(4,14),(5,14),(6,14),(7,14),(8,14),(9,14),(10,14),(11,14),(12,14),(13,14),(14,14)









































(11,16),(12,16),(13,16),(14,16),(15,16),(0,17),(1,17),(2,17),(3,17),(4,17),(5,17),(6,17),(7,17),(8,17)
(8,16),(9,16),(10,16),(11,16),(14,16),(15,16),(0,17),(1,17),(2,17),(3,17),(4,17),(5,17),(6,17),(7,17),(8,17),(9,17)
(1,16),(2,16),(3,16),(4,16),(14,16),(15,16),(0,17),(1,17),(2,17),(3,17),(4,17),(5,17),(6,17),(7,17),(8,17),(9,17),(10,17)







































(5,19),(6,19),(7,19),(8,19),(9,19),(10,19),(11,19),(12,19),(13,19),(14,19),(15,19),(0,20),(1,20),(2,20)
(2,19),(3,19),(4,19),(5,19),(8,19),(9,19),(10,19),(11,19),(12,19),(13,19),(14,19),(15,19),(0,20),(1,20),(2,20),(3,20)
(13,18),(14,18),(15,18),(8,19),(9,19),(10,19),(11,19),(12,19),(13,19),(14,19),(15,19),(0,20),(1,20),(2,20),(3,20),(4,20)
(10,18),(11,18),(12,18),(13,18),(8,19),(9,19),(10,19),(11,19),(12,19),(13,19),(14,19),(15,19),(0,20),(1,20),(2,20),(3,20),(4,20),(5,20)






























































(15,23),(0,24),(4,24)






(6,24),(7,24),(11,24)






(13,24),(14,24),(2,25)






(4,25),(5,25),(9,25)






(11,25),(12,25),(0,26)

















(13,26),(14,26),(2,27)






(4,27),(5,27),(9,27)
(6,27),(7,27),(8,27),(9,27),(10,27)
(15,26),(0,27),(1,27),(2,27),(3,27),(11,27)
(1,24),(2,24),(3,24),(4,24),(5,24),(11,27),(12,27)
(8,24),(9,24),(10,24),(11,24),(12,24),(11,27),(12,27),(13,27)
(15,24),(0,25),(1,25),(2,25),(3,25),(11,27),(12,27),(13,27),(14,27)
(6,25),(7,25),(8,25),(9,25),(10,25),(11,27),(12,27),(13,27),(14,27),(15,27)
(13,25),(14,25),(15,25),(0,26),(1,26),(11,27),(12,27),(13,27),(14,27),(15,27),(0,28)
(5,24),(12,24),(3,25),(10,25),(1,26),(3,27),(10,27),(11,27),(12,27),(13,27),(14,27),(15,27),(0,28),(1,28)
(5,24),(12,24),(3,25),(10,25),(1,26),(3,27),(10,27),(11,27),(12,27),(13,27),(14,27),(15,27),(0,28),(1,28),(2,28)
(5,24),(12,24),(3,25),(10,25),(1,26),(3,27),(10,27),(11,27),(12,27),(13,27),(14,27),(15,27),(0,28),(1,28),(2,28),(3,28)
(5,24),(12,24),(3,25),(10,25),(1,26),(3,27),(10,27),(11,27),(12,27),(13,27),(14,27),(15,27),(0,28),(1,28),(2,28),(3,28),(4,28)
(5,24),(12,24),(3,25),(10,25),(1,26),(3,27),(10,27),(11,27),(12,27),(13,27),(14,27),(15,27),(0,28),(1,28),(2,28),(3,28),(4,28),(5,28)
(5,24),(12,24),(3,25),(10,25),(1,26),(3,27),(10,27),(11,27),(12,27),(13,27),(14,27),(15,27),(0,28),(1,28),(2,28),(3,28),(4,28),(5,28),(6,28)
(5,24),(12,24),(3,25),(10,25),(1,26),(3,27),(10,27),(11,27),(12,27),(13,27),(14,27),(15,27),(0,28),(1,28),(2,28),(3,28),(4,28),(5,28),(6,28),(7,28)
(5,24),(12,24),(3,25),(10,25),(1,26),(3,27),(10,27),(11,27),(12,27),(13,27),(14,27),(15,27),(0,28),(1,28),(2,28),(3,28),(4,28),(5,28),(6,28),(7,28),(8,28)
(5,24),(12,24),(3,25),(10,25),(1,26),(3,27),(10,27),(11,27),(12,27),(13,27),(14,27),(15,27),(0,28),(1,28),(2,28),(3,28),(4,28),(5,28),(6,28),(7,28),(8,28),(9,28)
(5,24),(12,24),(3,25),(10,25),(1,26),(3,27),(10,27),(11,27),(12,27),(13,27),(14,27),(15,27),(0,28),(1,28),(2,28),(3,28),(4,28),(5,28),(6,28),(7,28),(8,28),(9,28),(10,28)
(5,24),(12,24),(3,25),(10,25),(1,26),(3,27),(10,27),(11,27),(12,27),(13,27),(14,27),(15,27),(0,28),(1,28),(2,28),(3,28),(4,28),(5,28),(6,28),(7,28),(8,28),(9,28),(10,28),(11,28)
(13,23),(14,23),(7,24),(12,24),(2,26),(3,26),(4,26),(5,26),(6,26),(7,26),(8,26),(9,26),(10,26),(11,26),(12,26),(14,27),(15,27),(0,28),(1,28),(2,28),(3,28),(4,28),(5,28),(6,28),(7,28),(8,28),(9,28),(10,28),(11,28),(12,28)
(11,23),(12,23),(13,23),(11,24),(12,24),(2,26),(3,26),(4,26),(5,26),(6,26),(7,26),(8,26),(9,26),(10,26),(11,26),(12,26),(14,27),(15,27),(0,28),(1,28),(2,28),(3,28),(4,28),(5,28),(6,28),(7,28),(8,28),(9,28),(10,28),(11,28),(12,28),(13,28)
(8,23),(9,23),(10,23),(4,24),(5,24),(2,26),(3,26),(4,26),(5,26),(6,26),(7,26),(8,26),(9,26),(10,26),(11,26),(12,26),(13,27),(14,27),(15,27),(0,28),(1,28),(2,28),(3,28),(4,28),(5,28),(6,28),(7,28),(8,28),(9,28),(10,28),(11,28),(12,28),(13,28),(14,28)
(7,23),(10,23),(0,24),(5,24),(2,26),(3,26),(4,26),(5,26),(6,26),(7,26),(8,26),(9,26),(10,26),(11,26),(12,26),(13,27),(14,27),(15,27),(0,28),(1,28),(2,28),(3,28),(4,28),(5,28),(6,28),(7,28),(8,28),(9,28),(10,28),(11,28),(12,28),(13,28),(14,28),(15,28)
(4,23),(5,23),(6,23),(0,26),(1,26),(2,26),(3,26),(4,26),(5,26),(6,26),(7,26),(8,26),(9,26),(10,26),(11,26),(12,26),(1,28),(2,28),(3,28),(4,28),(5,28),(6,28),(7,28),(8,28),(9,28),(10,28),(11,28),(12,28),(13,28),(14,28),(15,28),(0,29)
(3,23),(6,23),(12,25),(1,26),(2,26),(3,26),(4,26),(5,26),(6,26),(7,26),(8,26),(9,26),(10,26),(11,26),(12,26),(1,28),(2,28),(3,28),(4,28),(5,28),(6,28),(7,28),(8,28),(9,28),(10,28),(11,28),(12,28),(13,28),(14,28),(15,28),(0,29),(1,29)
(0,23),(1,23),(2,23),(9,25),(10,25),(2,26),(3,26),(4,26),(5,26),(6,26),(7,26),(8,26),(9,26),(10,26),(11,26),(12,26),(0,28),(1,28),(2,28),(3,28),(4,28),(5,28),(6,28),(7,28),(8,28),(9,28),(10,28),(11,28),(12,28),(13,28),(14,28),(15,28),(0,29),(1,29),(2,29)
(15,22),(2,23),(5,25),(10,25),(2,26),(3,26),(4,26),(5,26),(6,26),(7,26),(8,26),(9,26),(10,26),(11,26),(12,26),(0,28),(1,28),(2,28),(3,28),(4,28),(5,28),(6,28),(7,28),(8,28),(9,28),(10,28),(11,28),(12,28),(13,28),(14,28),(15,28),(0,29),(1,29),(2,29),(3,29)
(12,22),(13,22),(14,22),(2,25),(3,25),(2,26),(3,26),(4,26),(5,26),(6,26),(7,26),(8,26),(9,26),(10,26),(11,26),(12,26),(15,27),(0,28),(1,28),(2,28),(3,28),(4,28),(5,28),(6,28),(7,28),(8,28),(9,28),(10,28),(11,28),(12,28),(13,28),(14,28),(15,28),(0,29),(1,29),(2,29),(3,29),(4,29)
(11,22),(14,22),(14,24),(3,25),(2,26),(3,26),(4,26),(5,26),(6,26),(7,26),(8,26),(9,26),(10,26),(11,26),(12,26),(15,27),(0,28),(1,28),(2,28),(3,28),(4,28),(5,28),(6,28),(7,28),(8,28),(9,28),(10,28),(11,28),(12,28),(13,28),(14,28),(15,28),(0,29),(1,29),(2,29),(3,29),(4,29),(5,29)



























(4,30),(5,30),(6,30),(7,30),(8,30),(9,30),(10,30),(11,30),(12,30),(13,30),(14,30),(15,30),(0,31),(1,31)
(1,30),(2,30),(3,30),(4,30),(7,30),(8,30),(9,30),(10,30),(11,30),(12,30),(13,30),(14,30),(15,30),(0,31),(1,31),(2,31)
(12,29),(13,29),(14,29),(7,30),(8,30),(9,30),(10,30),(11,30),(12,30),(13,30),(14,30),(15,30),(0,31),(1,31),(2,31),(3,31)
(9,29),(10,29),(11,29),(12,29),(7,30),(8,30),(9,30),(10,30),(11,30),(12,30),(13,30),(14,30),(15,30),(0,31),(1,31),(2,31),(3,31),(4,31)
(2,26),(3,26),(4,26),(5,26),(6,26),(7,26),(8,26),(9,26),(10,26),(11,26),(12,26),(2,27),(3,27),(12,27),(13,27),(14,27),(15,27),(0,28),(1,28),(2,28),(3,28),(4,28),(5,28),(6,28),(7,28),(8,28),(9,28),(10,28),(11,28),(12,28),(13,28),(14,28),(15,28),(0,29),(1,29),(2,29),(3,29),(4,29),(5,29),(6,29),(7,29),(8,29),(9,29),(5,31)
(2,26),(3,26),(4,26),(5,26),(6,26),(7,26),(8,26),(9,26),(10,26),(11,26),(12,26),(9,27),(10,27),(11,27),(12,27),(13,27),(14,27),(15,27),(0,28),(1,28),(2,28),(3,28),(4,28),(5,28),(6,28),(7,28),(8,28),(9,28),(10,28),(11,28),(12,28),(13,28),(14,28),(15,28),(0,29),(1,29),(2,29),(3,29),(4,29),(5,29),(6,29),(15,29),(0,30),(1,30),(3,31),(4,31),(5,31),(6,31)
(2,26),(3,26),(4,26),(5,26),(6,26),(7,26),(8,26),(9,26),(10,26),(11,26),(12,26),(5,27),(10,27),(11,27),(12,27),(13,27),(14,27),(15,27),(0,28),(1,28),(2,28),(3,28),(4,28),(5,28),(6,28),(7,28),(8,28),(9,28),(10,28),(11,28),(12,28),(13,28),(14,28),(15,28),(0,29),(1,29),(2,29),(3,29),(4,29),(5,29),(6,29),(1,30),(5,30),(2,31),(3,31),(4,31),(5,31),(6,31),(7,31)
(2,26),(3,26),(4,26),(5,26),(6,26),(7,26),(8,26),(9,26),(10,26),(11,26),(12,26),(14,26),(3,27),(12,27),(13,27),(14,27),(15,27),(0,28),(1,28),(2,28),(3,28),(4,28),(5,28),(6,28),(7,28),(8,28),(9,28),(10,28),(11,28),(12,28),(13,28),(14,28),(15,28),(0,29),(1,29),(2,29),(3,29),(4,29),(5,29),(6,29),(9,29),(13,29),(4,31),(5,31),(6,31),(7,31),(8,31)
(8,22),(9,22),(10,22),(14,22),(5,29),(6,29),(7,30),(8,30),(9,30),(10,30),(11,30),(12,30),(13,30),(14,30),(15,30),(0,31),(1,31),(2,31),(3,31),(4,31),(5,31),(6,31),(7,31),(8,31),(9,31)
(7,22),(10,22),(11,22),(6,29),(7,30),(8,30),(9,30),(10,30),(11,30),(12,30),(13,30),(14,30),(15,30),(0,31),(1,31),(2,31),(3,31),(4,31),(5,31),(6,31),(7,31),(8,31),(9,31),(10,31)
(4,22),(5,22),(6,22),(10,23),(15,28),(0,29),(1,29),(2,29),(3,29),(4,29),(5,29),(6,29),(7,30),(8,30),(9,30),(10,30),(11,30),(12,30),(13,30),(14,30),(15,30),(0,31),(1,31),(2,31),(3,31),(4,31),(5,31),(6,31),(7,31),(8,31),(9,31),(10,31),(11,31)
(3,22),(6,22),(7,23),(0,29),(1,29),(2,29),(3,29),(4,29),(5,29),(6,29),(7,30),(8,30),(9,30),(10,30),(11,30),(12,30),(13,30),(14,30),(15,30),(0,31),(1,31),(2,31),(3,31),(4,31),(5,31),(6,31),(7,31),(8,31),(9,31),(10,31),(11,31),(12,31)
(0,22),(1,22),(2,22),(13,23),(13,28),(14,28),(15,28),(0,29),(1,29),(2,29),(3,29),(4,29),(5,29),(6,29),(7,30),(8,30),(9,30),(10,30),(11,30),(12,30),(13,30),(14,30),(15,30),(0,31),(1,31),(2,31),(3,31),(4,31),(5,31),(6,31),(7,31),(8,31),(9,31),(10,31),(11,31),(12,31),(13,31)
(15,21),(2,22),(14,23),(13,28),(14,28),(15,28),(0,29),(1,29),(2,29),(3,29),(4,29),(5,29),(6,29),(7,30),(8,30),(9,30),(10,30),(11,30),(12,30),(13,30),(14,30),(15,30),(0,31),(1,31),(2,31),(3,31),(4,31),(5,31),(6,31),(7,31),(8,31),(9,31),(10,31),(11,31),(12,31),(13,31),(14,31)



























(13,32),(14,32),(15,32),(0,33),(1,33),(2,33),(3,33),(4,33),(5,33),(6,33),(7,33),(8,33),(9,33),(10,33)
(10,32),(11,32),(12,32),(13,32),(0,33),(1,33),(2,33),(3,33),(4,33),(5,33),(6,33),(7,33),(8,33),(9,33),(10,33),(11,33)
(5,32),(6,32),(7,32),(0,33),(1,33),(2,33),(3,33),(4,33),(5,33),(6,33),(7,33),(8,33),(9,33),(10,33),(11,33),(12,33)
(2,32),(3,32),(4,32),(5,32),(0,33),(1,33),(2,33),(3,33),(4,33),(5,33),(6,33),(7,33),(8,33),(9,33),(10,33),(11,33),(12,33),(13,33)
(2,23),(3,29),(4,29),(5,29),(6,29),(7,30),(8,30),(9,30),(10,30),(11,30),(12,30),(13,30),(14,30),(15,30),(0,31),(1,31),(2,31),(3,31),(4,31),(5,31),(6,31),(7,31),(8,31),(9,31),(10,31),(11,31),(12,31),(13,31),(14,31),(15,31),(0,32),(1,32),(2,32),(14,33)
(6,23),(1,29),(2,29),(3,29),(4,29),(5,29),(6,29),(7,30),(8,30),(9,30),(10,30),(11,30),(12,30),(13,30),(14,30),(15,30),(0,31),(1,31),(2,31),(3,31),(4,31),(5,31),(6,31),(7,31),(8,31),(9,31),(10,31),(11,31),(12,31),(13,31),(14,31),(15,31),(8,32),(9,32),(10,32),(12,33),(13,33),(14,33),(15,33)
(3,23),(2,29),(3,29),(4,29),(5,29),(6,29),(7,30),(8,30),(9,30),(10,30),(11,30),(12,30),(13,30),(14,30),(15,30),(0,31),(1,31),(2,31),(3,31),(4,31),(5,31),(6,31),(7,31),(8,31),(9,31),(10,31),(11,31),(12,31),(13,31),(14,31),(15,31),(10,32),(14,32),(11,33),(12,33),(13,33),(14,33),(15,33),(0,34)
(15,22),(4,29),(5,29),(6,29),(7,30),(8,30),(9,30),(10,30),(11,30),(12,30),(13,30),(14,30),(15,30),(0,31),(1,31),(2,31),(3,31),(4,31),(5,31),(6,31),(7,31),(8,31),(9,31),(10,31),(11,31),(12,31),(13,31),(14,31),(15,31),(2,32),(6,32),(13,33),(14,33),(15,33),(0,34),(1,34)
(12,21),(13,21),(14,21),(2,22),(14,31),(15,31),(0,33),(1,33),(2,33),(3,33),(4,33),(5,33),(6,33),(7,33),(8,33),(9,33),(10,33),(11,33),(12,33),(13,33),(14,33),(15,33),(0,34),(1,34),(2,34)
(11,21),(14,21),(15,21),(15,31),(0,33),(1,33),(2,33),(3,33),(4,33),(5,33),(6,33),(7,33),(8,33),(9,33),(10,33),(11,33),(12,33),(13,33),(14,33),(15,33),(0,34),(1,34),(2,34),(3,34)
(8,21),(9,21),(10,21),(6,22),(12,31),(13,31),(14,31),(15,31),(0,33),(1,33),(2,33),(3,33),(4,33),(5,33),(6,33),(7,33),(8,33),(9,33),(10,33),(11,33),(12,33),(13,33),(14,33),(15,33),(0,34),(1,34),(2,34),(3,34),(4,34)
(7,21),(10,21),(3,22),(13,31),(14,31),(15,31),(0,33),(1,33),(2,33),(3,33),(4,33),(5,33),(6,33),(7,33),(8,33),(9,33),(10,33),(11,33),(12,33),(13,33),(14,33),(15,33),(0,34),(1,34),(2,34),(3,34),(4,34),(5,34)
(4,21),(5,21),(6,21),(10,22),(10,31),(11,31),(12,31),(13,31),(14,31),(15,31),(0,33),(1,33),(2,33),(3,33),(4,33),(5,33),(6,33),(7,33),(8,33),(9,33),(10,33),(11,33),(12,33),(13,33),(14,33),(15,33),(0,34),(1,34),(2,34),(3,34),(4,34),(5,34),(6,34)
(3,21),(6,21),(7,22),(11,31),(12,31),(13,31),(14,31),(15,31),(0,33),(1,33),(2,33),(3,33),(4,33),(5,33),(6,33),(7,33),(8,33),(9,33),(10,33),(11,33),(12,33),(13,33),(14,33),(15,33),(0,34),(1,34),(2,34),(3,34),(4,34),(5,34),(6,34),(7,34)



























(6,35),(7,35),(8,35),(9,35),(10,35),(11,35),(12,35),(13,35),(14,35),(15,35),(0,36),(1,36),(2,36),(3,36)
(3,35),(4,35),(5,35),(6,35),(9,35),(10,35),(11,35),(12,35),(13,35),(14,35),(15,35),(0,36),(1,36),(2,36),(3,36),(4,36)
(14,34),(15,34),(0,35),(9,35),(10,35),(11,35),(12,35),(13,35),(14,35),(15,35),(0,36),(1,36),(2,36),(3,36),(4,36),(5,36)
(11,34),(12,34),(13,34),(14,34),(9,35),(10,35),(11,35),(12,35),(13,35),(14,35),(15,35),(0,36),(1,36),(2,36),(3,36),(4,36),(5,36),(6,36)
(4,30),(2,31),(3,31),(4,31),(5,31),(6,31),(7,31),(8,31),(9,31),(10,31),(11,31),(12,31),(13,31),(14,31),(15,31),(0,33),(1,33),(2,33),(3,33),(4,33),(5,33),(6,33),(7,33),(8,33),(9,33),(10,33),(11,33),(12,33),(13,33),(14,33),(15,33),(0,34),(1,34),(2,34),(3,34),(4,34),(5,34),(6,34),(7,34),(8,34),(1,35),(2,35),(3,35),(5,36),(6,36),(7,36)
(14,29),(4,31),(5,31),(6,31),(7,31),(8,31),(9,31),(10,31),(11,31),(12,31),(13,31),(14,31),(15,31),(0,33),(1,33),(2,33),(3,33),(4,33),(5,33),(6,33),(7,33),(8,33),(9,33),(10,33),(11,33),(12,33),(13,33),(14,33),(15,33),(0,34),(1,34),(2,34),(3,34),(4,34),(5,34),(6,34),(7,34),(8,34),(11,34),(15,34),(6,36),(7,36),(8,36)
(6,30),(2,31),(3,31),(4,31),(5,31),(6,31),(7,31),(8,31),(9,31),(10,31),(11,31),(12,31),(13,31),(14,31),(15,31),(0,33),(1,33),(2,33),(3,33),(4,33),(5,33),(6,33),(7,33),(8,33),(9,33),(10,33),(11,33),(12,33),(13,33),(14,33),(15,33),(0,34),(1,34),(2,34),(3,34),(4,34),(5,34),(6,34),(7,34),(8,34),(3,35),(7,35),(4,36),(5,36),(6,36),(7,36),(8,36),(9,36)
(12,29),(4,31),(5,31),(6,31),(7,31),(8,31),(9,31),(10,31),(11,31),(12,31),(13,31),(14,31),(15,31),(0,33),(1,33),(2,33),(3,33),(4,33),(5,33),(6,33),(7,33),(8,33),(9,33),(10,33),(11,33),(12,33),(13,33),(14,33),(15,33),(0,34),(1,34),(2,34),(3,34),(4,34),(5,34),(6,34),(7,34),(8,34),(9,34),(10,34),(11,34),(7,36),(8,36),(9,36),(10,36)
(0,21),(1,21),(2,21),(6,21),(7,34),(8,34),(9,35),(10,35),(11,35),(12,35),(13,35),(14,35),(15,35),(0,36),(1,36),(2,36),(3,36),(4,36),(5,36),(6,36),(7,36),(8,36),(9,36),(10,36),(11,36)
(15,20),(2,21),(3,21),(8,34),(9,35),(10,35),(11,35),(12,35),(13,35),(14,35),(15,35),(0,36),(1,36),(2,36),(3,36),(4,36),(5,36),(6,36),(7,36),(8,36),(9,36),(10,36),(11,36),(12,36)
(12,20),(13,20),(14,20),(10,21),(5,34),(6,34),(7,34),(8,34),(9,35),(10,35),(11,35),(12,35),(13,35),(14,35),(15,35),(0,36),(1,36),(2,36),(3,36),(4,36),(5,36),(6,36),(7,36),(8,36),(9,36),(10,36),(11,36),(12,36),(13,36)
(11,20),(14,20),(7,21),(6,34),(7,34),(8,34),(9,35),(10,35),(11,35),(12,35),(13,35),(14,35),(15,35),(0,36),(1,36),(2,36),(3,36),(4,36),(5,36),(6,36),(7,36),(8,36),(9,36),(10,36),(11,36),(12,36),(13,36),(14,36)
(8,20),(9,20),(10,20),(14,21),(3,34),(4,34),(5,34),(6,34),(7,34),(8,34),(9,35),(10,35),(11,35),(12,35),(13,35),(14,35),(15,35),(0,36),(1,36),(2,36),(3,36),(4,36),(5,36),(6,36),(7,36),(8,36),(9,36),(10,36),(11,36),(12,36),(13,36),(14,36),(15,36)
(7,20),(10,20),(11,21),(4,34),(5,34),(6,34),(7,34),(8,34),(9,35),(10,35),(11,35),(12,35),(13,35),(14,35),(15,35),(0,36),(1,36),(2,36),(3,36),(4,36),(5,36),(6,36),(7,36),(8,36),(9,36),(10,36),(11,36),(12,36),(13,36),(14,36),(15,36),(0,37)
(0,19),(1,19),(2,19),(4,20),(5,20),(6,20),(13,32),(11,33),(12,33),(13,33),(14,33),(15,33),(0,34),(1,34),(2,34),(3,34),(4,34),(5,34),(6,34),(7,34),(8,34),(9,35),(10,35),(11,35),(12,35),(13,35),(14,35),(15,35),(0,36),(1,36),(2,36),(3,36),(4,36),(5,36),(6,36),(7,36),(8,36),(9,36),(10,36),(11,36),(12,36),(13,36),(14,36),(15,36),(0,37),(1,37)
(10,18),(14,18),(5,20),(6,20),(7,32),(13,33),(14,33),(15,33),(0,34),(1,34),(2,34),(3,34),(4,34),(5,34),(6,34),(7,34),(8,34),(9,35),(10,35),(11,35),(12,35),(13,35),(14,35),(15,35),(0,36),(1,36),(2,36),(3,36),(4,36),(5,36),(6,36),(7,36),(8,36),(9,36),(10,36),(11,36),(12,36),(13,36),(14,36),(15,36),(0,37),(1,37),(2,37)
(2,19),(6,19),(3,20),(4,20),(5,20),(6,20),(15,32),(11,33),(12,33),(13,33),(14,33),(15,33),(0,34),(1,34),(2,34),(3,34),(4,34),(5,34),(6,34),(7,34),(8,34),(9,35),(10,35),(11,35),(12,35),(13,35),(14,35),(15,35),(0,36),(1,36),(2,36),(3,36),(4,36),(5,36),(6,36),(7,36),(8,36),(9,36),(10,36),(11,36),(12,36),(13,36),(14,36),(15,36),(0,37),(1,37),(2,37),(3,37)
(8,18),(9,18),(10,18),(6,20),(5,32),(13,33),(14,33),(15,33),(0,34),(1,34),(2,34),(3,34),(4,34),(5,34),(6,34),(7,34),(8,34),(9,35),(10,35),(11,35),(12,35),(13,35),(14,35),(15,35),(0,36),(1,36),(2,36),(3,36),(4,36),(5,36),(6,36),(7,36),(8,36),(9,36),(10,36),(11,36),(12,36),(13,36),(14,36),(15,36),(0,37),(1,37),(2,37),(3,37),(4,37)
(5,18),(6,18),(7,18),(8,19),(9,19),(10,19),(11,19),(12,19),(13,19),(14,19),(15,19),(0,20),(1,20),(2,20),(3,20),(4,20),(5,20),(6,20),(10,20),(0,37),(1,37),(2,37),(3,37),(4,37),(5,37)
(4,18),(7,18),(8,19),(9,19),(10,19),(11,19),(12,19),(13,19),(14,19),(15,19),(0,20),(1,20),(2,20),(3,20),(4,20),(5,20),(6,20),(7,20),(1,37),(2,37),(3,37),(4,37),(5,37),(6,37)
(1,18),(2,18),(3,18),(8,19),(9,19),(10,19),(11,19),(12,19),(13,19),(14,19),(15,19),(0,20),(1,20),(2,20),(3,20),(4,20),(5,20),(6,20),(14,20),(14,36),(15,36),(0,37),(1,37),(2,37),(3,37),(4,37),(5,37),(6,37),(7,37)
(0,18),(3,18),(8,19),(9,19),(10,19),(11,19),(12,19),(13,19),(14,19),(15,19),(0,20),(1,20),(2,20),(3,20),(4,20),(5,20),(6,20),(11,20),(15,36),(0,37),(1,37),(2,37),(3,37),(4,37),(5,37),(6,37),(7,37),(8,37)
(13,17),(14,17),(15,17),(8,19),(9,19),(10,19),(11,19),(12,19),(13,19),(14,19),(15,19),(0,20),(1,20),(2,20),(3,20),(4,20),(5,20),(6,20),(2,21),(12,36),(13,36),(14,36),(15,36),(0,37),(1,37),(2,37),(3,37),(4,37),(5,37),(6,37),(7,37),(8,37),(9,37)
(12,17),(15,17),(8,19),(9,19),(10,19),(11,19),(12,19),(13,19),(14,19),(15,19),(0,20),(1,20),(2,20),(3,20),(4,20),(5,20),(6,20),(15,20),(13,36),(14,36),(15,36),(0,37),(1,37),(2,37),(3,37),(4,37),(5,37),(6,37),(7,37),(8,37),(9,37),(10,37)
(15,15),(0,16),(1,16),(11,17),(8,19),(9,19),(10,19),(11,19),(12,19),(13,19),(14,19),(15,19),(0,20),(1,20),(2,20),(3,20),(4,20),(5,20),(6,20),(14,34),(6,36),(7,36),(8,36),(9,36),(10,36),(11,36),(12,36),(13,36),(14,36),(15,36),(0,37),(1,37),(2,37),(3,37),(4,37),(5,37),(6,37),(7,37),(8,37),(9,37),(10,37),(11,37)
(6,16),(7,16),(8,16),(10,17),(11,17),(8,19),(9,19),(10,19),(11,19),(12,19),(13,19),(14,19),(15,19),(0,20),(1,20),(2,20),(3,20),(4,20),(5,20),(6,20),(6,35),(4,36),(5,36),(6,36),(7,36),(8,36),(9,36),(10,36),(11,36),(12,36),(13,36),(14,36),(15,36),(0,37),(1,37),(2,37),(3,37),(4,37),(5,37),(6,37),(7,37),(8,37),(9,37),(10,37),(11,37),(12,37)
(8,16),(12,16),(9,17),(10,17),(11,17),(8,19),(9,19),(10,19),(11,19),(12,19),(13,19),(14,19),(15,19),(0,20),(1,20),(2,20),(3,20),(4,20),(5,20),(6,20),(8,35),(4,36),(5,36),(6,36),(7,36),(8,36),(9,36),(10,36),(11,36),(12,36),(13,36),(14,36),(15,36),(0,37),(1,37),(2,37),(3,37),(4,37),(5,37),(6,37),(7,37),(8,37),(9,37),(10,37),(11,37),(12,37),(13,37)
(1,16),(5,16),(11,17),(8,19),(9,19),(10,19),(11,19),(12,19),(13,19),(14,19),(15,19),(0,20),(1,20),(2,20),(3,20),(4,20),(5,20),(6,20),(0,35),(6,36),(7,36),(8,36),(9,36),(10,36),(11,36),(12,36),(13,36),(14,36),(15,36),(0,37),(1,37),(2,37),(3,37),(4,37),(5,37),(6,37),(7,37),(8,37),(9,37),(10,37),(11,37),(12,37),(13,37),(14,37)
(12,15),(13,15),(14,15),(14,16),(15,16),(0,17),(1,17),(2,17),(3,17),(4,17),(5,17),(6,17),(7,17),(8,17),(9,17),(10,17),(11,17),(15,17),(10,37),(11,37),(12,37),(13,37),(14,37),(15,37)
(2,0),(3,0),(4,0),(12,1),(13,1),(13,2),(1,5),(2,5),(11,27),(12,27),(13,27),(14,27),(15,27),(0,28),(1,28),(2,28),(3,28),(4,28),(5,28),(6,28),(7,28),(8,28),(9,28),(10,28),(11,28),(12,28),(13,28),(14,28),(15,28),(0,29),(1,29),(2,29),(3,29),(4,29),(5,29),(6,29),(6,31),(7,31),(8,31),(9,31),(10,31),(11,31),(12,31),(13,31),(14,31),(15,31),(15,33),(0,34),(1,34),(2,34),(3,34),(4,34),(5,34),(6,34),(7,34),(8,34),(8,36),(9,36),(10,36),(11,36),(12,36),(13,36),(14,36),(15,36),(0,37),(1,37),(2,37),(3,37),(4,37),(5,37),(6,37),(7,37),(8,37),(9,37),(10,37),(11,37),(12,37),(13,37),(14,37),(15,37),(0,38)
(5,0),(6,0),(11,1),(12,1),(13,1),(13,2),(1,5),(2,5),(14,28),(15,28),(0,29),(1,29),(2,29),(3,29),(4,29),(5,29),(6,29),(6,31),(7,31),(8,31),(9,31),(10,31),(11,31),(12,31),(13,31),(14,31),(15,31),(15,33),(0,34),(1,34),(2,34),(3,34),(4,34),(5,34),(6,34),(7,34),(8,34),(8,36),(9,36),(10,36),(11,36),(12,36),(13,36),(14,36),(15,36),(0,37),(1,37),(2,37),(3,37),(4,37),(5,37),(6,37),(7,37),(8,37),(9,37),(10,37),(11,37),(12,37),(13,37),(14,37),(15,37),(0,38),(1,38)
(7,0),(8,0),(11,1),(12,1),(13,1),(13,2),(1,5),(2,5),(3,31),(4,31),(5,31),(6,31),(7,31),(8,31),(9,31),(10,31),(11,31),(12,31),(13,31),(14,31),(15,31),(15,33),(0,34),(1,34),(2,34),(3,34),(4,34),(5,34),(6,34),(7,34),(8,34),(8,36),(9,36),(10,36),(11,36),(12,36),(13,36),(14,36),(15,36),(0,37),(1,37),(2,37),(3,37),(4,37),(5,37),(6,37),(7,37),(8,37),(9,37),(10,37),(11,37),(12,37),(13,37),(14,37),(15,37),(0,38),(1,38),(2,38)
(0,0),(1,0),(13,1),(11,2),(12,2),(13,2),(1,5),(2,5),(12,33),(13,33),(14,33),(15,33),(0,34),(1,34),(2,34),(3,34),(4,34),(5,34),(6,34),(7,34),(8,34),(8,36),(9,36),(10,36),(11,36),(12,36),(13,36),(14,36),(15,36),(0,37),(1,37),(2,37),(3,37),(4,37),(5,37),(6,37),(7,37),(8,37),(9,37),(10,37),(11,37),(12,37),(13,37),(14,37),(15,37),(0,38),(1,38),(2,38),(3,38)
(0,2),(1,2),(11,2),(12,2),(13,2),(1,5),(2,5),(5,36),(6,36),(7,36),(8,36),(9,36),(10,36),(11,36),(12,36),(13,36),(14,36),(15,36),(0,37),(1,37),(2,37),(3,37),(4,37),(5,37),(6,37),(7,37),(8,37),(9,37),(10,37),(11,37),(12,37),(13,37),(14,37),(15,37),(0,38),(1,38),(2,38),(3,38),(4,38)
(14,1),(15,1),(12,2),(13,2),(11,3),(12,3),(0,5),(1,5),(2,5),(4,20),(5,20),(6,20),(2,37),(3,37),(4,37),(5,37),(6,37),(7,37),(8,37),(9,37),(10,37),(11,37),(12,37),(13,37),(14,37),(15,37),(0,38),(1,38),(2,38),(3,38),(4,38),(5,38)
(0,15),(1,15),(2,15),(14,16),(15,16),(0,17),(1,17),(2,17),(3,17),(4,17),(5,17),(6,17),(7,17),(8,17),(9,17),(10,17),(11,17),(3,18),(8,37),(9,37),(10,37),(11,37),(12,37),(13,37),(14,37),(15,37),(0,38),(1,38),(2,38),(3,38),(4,38),(5,38),(6,38)
(3,15),(4,15),(5,15),(14,16),(15,16),(0,17),(1,17),(2,17),(3,17),(4,17),(5,17),(6,17),(7,17),(8,17),(9,17),(10,17),(11,17),(7,18),(6,37),(7,37),(8,37),(9,37),(10,37),(11,37),(12,37),(13,37),(14,37),(15,37),(0,38),(1,38),(2,38),(3,38),(4,38),(5,38),(6,38),(7,38)
(6,15),(7,15),(8,15),(14,16),(15,16),(0,17),(1,17),(2,17),(3,17),(4,17),(5,17),(6,17),(7,17),(8,17),(9,17),(10,17),(11,17),(13,18),(5,20),(6,20),(2,37),(3,37),(4,37),(5,37),(6,37),(7,37),(8,37),(9,37),(10,37),(11,37),(12,37),(13,37),(14,37),(15,37),(0,38),(1,38),(2,38),(3,38),(4,38),(5,38),(6,38),(7,38),(8,38)
(9,15),(10,15),(11,15),(14,16),(15,16),(0,17),(1,17),(2,17),(3,17),(4,17),(5,17),(6,17),(7,17),(8,17),(9,17),(10,17),(11,17),(5,19),(3,20),(4,20),(5,20),(6,20),(2,37),(3,37),(4,37),(5,37),(6,37),(7,37),(8,37),(9,37),(10,37),(11,37),(12,37),(13,37),(14,37),(15,37),(0,38),(1,38),(2,38),(3,38),(4,38),(5,38),(6,38),(7,38),(8,38),(9,38)
(2,5),(9,5),(10,5),(11,5),(12,5),(13,5),(14,5),(15,5),(0,6),(1,6),(2,6),(3,6),(4,6),(5,6),(6,6),(9,14),(10,14),(11,14),(12,14),(13,14),(14,14),(15,14),(2,15),(1,38),(2,38),(3,38),(4,38),(5,38),(6,38),(7,38),(8,38),(9,38),(10,38)
(2,5),(12,5),(13,5),(14,5),(15,5),(0,6),(1,6),(2,6),(3,6),(4,6),(5,6),(6,6),(3,7),(4,7),(5,7),(4,14),(5,14),(6,14),(7,14),(8,14),(9,14),(10,14),(11,14),(12,14),(13,14),(14,14),(15,14),(5,15),(1,38),(2,38),(3,38),(4,38),(5,38),(6,38),(7,38),(8,38),(9,38),(10,38),(11,38)
(2,5),(12,5),(13,5),(14,5),(15,5),(0,6),(1,6),(2,6),(3,6),(4,6),(5,6),(6,6),(0,7),(1,7),(2,7),(5,14),(6,14),(7,14),(8,14),(9,14),(10,14),(11,14),(12,14),(13,14),(14,14),(15,14),(14,15),(0,38),(1,38),(2,38),(3,38),(4,38),(5,38),(6,38),(7,38),(8,38),(9,38),(10,38),(11,38),(12,38)
(2,5),(12,5),(13,5),(14,5),(15,5),(0,6),(1,6),(2,6),(3,6),(4,6),(5,6),(6,6),(6,7),(7,7),(8,7),(3,14),(4,14),(5,14),(6,14),(7,14),(8,14),(9,14),(10,14),(11,14),(12,14),(13,14),(14,14),(15,14),(8,15),(1,38),(2,38),(3,38),(4,38),(5,38),(6,38),(7,38),(8,38),(9,38),(10,38),(11,38),(12,38),(13,38)
(2,5),(12,5),(13,5),(14,5),(15,5),(0,6),(1,6),(2,6),(3,6),(4,6),(5,6),(6,6),(13,6),(14,6),(15,6),(6,14),(7,14),(8,14),(9,14),(10,14),(11,14),(12,14),(13,14),(14,14),(15,14),(4,16),(11,17),(12,37),(13,37),(14,37),(15,37),(0,38),(1,38),(2,38),(3,38),(4,38),(5,38),(6,38),(7,38),(8,38),(9,38),(10,38),(11,38),(12,38),(13,38),(14,38)
(2,5),(12,5),(13,5),(14,5),(15,5),(0,6),(1,6),(2,6),(3,6),(4,6),(5,6),(6,6),(10,6),(11,6),(12,6),(7,14),(8,14),(9,14),(10,14),(11,14),(12,14),(13,14),(14,14),(15,14),(11,15),(1,38),(2,38),(3,38),(4,38),(5,38),(6,38),(7,38),(8,38),(9,38),(10,38),(11,38),(12,38),(13,38),(14,38),(15,38)
(2,5),(12,5),(13,5),(14,5),(15,5),(0,6),(1,6),(2,6),(3,6),(4,6),(5,6),(6,6),(7,6),(8,6),(9,6),(8,14),(9,14),(10,14),(11,14),(12,14),(13,14),(14,14),(15,14),(11,16),(9,17),(10,17),(11,17),(12,37),(13,37),(14,37),(15,37),(0,38),(1,38),(2,38),(3,38),(4,38),(5,38),(6,38),(7,38),(8,38),(9,38),(10,38),(11,38),(12,38),(13,38),(14,38),(15,38),(0,39)
(15,3),(0,4),(13,4),(14,4),(15,4),(0,5),(1,5),(2,5),(3,14),(4,14),(5,14),(6,14),(7,14),(8,14),(9,14),(10,14),(11,14),(12,14),(13,14),(14,14),(15,14),(1,38),(2,38),(3,38),(4,38),(5,38),(6,38),(7,38),(8,38),(9,38),(10,38),(11,38),(12,38),(13,38),(14,38),(15,38),(0,39),(1,39)
(14,3),(14,4),(15,4),(0,5),(1,5),(2,5),(5,13),(6,13),(7,13),(8,13),(9,13),(10,13),(11,13),(12,13),(13,13),(14,13),(15,13),(0,14),(1,14),(2,14),(3,14),(4,14),(5,14),(6,14),(7,14),(8,14),(9,14),(10,14),(11,14),(12,14),(13,14),(14,14),(15,14),(1,38),(2,38),(3,38),(4,38),(5,38),(6,38),(7,38),(8,38),(9,38),(10,38),(11,38),(12,38),(13,38),(14,38),(15,38),(0,39),(1,39),(2,39)
(13,3),(15,4),(0,5),(1,5),(2,5),(8,11),(9,11),(10,11),(11,11),(12,11),(13,11),(14,12),(15,12),(0,13),(1,13),(2,13),(3,13),(4,13),(5,13),(6,13),(7,13),(8,13),(9,13),(10,13),(11,13),(12,13),(13,13),(14,13),(15,13),(0,14),(1,14),(2,14),(3,14),(4,14),(5,14),(6,14),(7,14),(8,14),(9,14),(10,14),(11,14),(12,14),(13,14),(14,14),(15,14),(1,38),(2,38),(3,38),(4,38),(5,38),(6,38),(7,38),(8,38),(9,38),(10,38),(11,38),(12,38),(13,38),(14,38),(15,38),(0,39),(1,39),(2,39),(3,39)
(3,5),(15,14),(2,15),(14,16),(15,16),(0,17),(1,17),(2,17),(3,17),(4,17),(5,17),(6,17),(7,17),(8,17),(9,17),(10,17),(11,17),(0,18),(9,37),(10,37),(11,37),(12,37),(13,37),(14,37),(15,37),(0,38),(1,38),(2,38),(3,38),(4,38),(5,38),(6,38),(7,38),(8,38),(9,38),(10,38),(11,38),(12,38),(13,38),(14,38),(15,38),(0,39),(1,39),(2,39),(3,39),(4,39)
(4,5),(14,14),(15,14),(5,15),(14,16),(15,16),(0,17),(1,17),(2,17),(3,17),(4,17),(5,17),(6,17),(7,17),(8,17),(9,17),(10,17),(11,17),(4,18),(7,37),(8,37),(9,37),(10,37),(11,37),(12,37),(13,37),(14,37),(15,37),(0,38),(1,38),(2,38),(3,38),(4,38),(5,38),(6,38),(7,38),(8,38),(9,38),(10,38),(11,38),(12,38),(13,38),(14,38),(15,38),(0,39),(1,39),(2,39),(3,39),(4,39),(5,39)
(5,5),(13,14),(14,14),(15,14),(14,15),(14,16),(15,16),(0,17),(1,17),(2,17),(3,17),(4,17),(5,17),(6,17),(7,17),(8,17),(9,17),(10,17),(11,17),(12,17),(11,37),(12,37),(13,37),(14,37),(15,37),(0,38),(1,38),(2,38),(3,38),(4,38),(5,38),(6,38),(7,38),(8,38),(9,38),(10,38),(11,38),(12,38),(13,38),(14,38),(15,38),(0,39),(1,39),(2,39),(3,39),(4,39),(5,39),(6,39)
(8,5),(10,14),(11,14),(12,14),(13,14),(14,14),(15,14),(8,15),(14,16),(15,16),(0,17),(1,17),(2,17),(3,17),(4,17),(5,17),(6,17),(7,17),(8,17),(9,17),(10,17),(11,17),(15,18),(5,20),(6,20),(2,37),(3,37),(4,37),(5,37),(6,37),(7,37),(8,37),(9,37),(10,37),(11,37),(12,37),(13,37),(14,37),(15,37),(0,38),(1,38),(2,38),(3,38),(4,38),(5,38),(6,38),(7,38),(8,38),(9,38),(10,38),(11,38),(12,38),(13,38),(14,38),(15,38),(0,39),(1,39),(2,39),(3,39),(4,39),(5,39),(6,39),(7,39)
(6,5),(12,14),(13,14),(14,14),(15,14),(4,16),(5,16),(14,16),(15,16),(0,17),(1,17),(2,17),(3,17),(4,17),(5,17),(6,17),(7,17),(8,17),(9,17),(10,17),(11,17),(12,37),(13,37),(14,37),(15,37),(0,38),(1,38),(2,38),(3,38),(4,38),(5,38),(6,38),(7,38),(8,38),(9,38),(10,38),(11,38),(12,38),(13,38),(14,38),(15,38),(0,39),(1,39),(2,39),(3,39),(4,39),(5,39),(6,39),(7,39),(8,39)
(7,5),(11,14),(12,14),(13,14),(14,14),(15,14),(11,15),(14,16),(15,16),(0,17),(1,17),(2,17),(3,17),(4,17),(5,17),(6,17),(7,17),(8,17),(9,17),(10,17),(11,17),(7,19),(3,20),(4,20),(5,20),(6,20),(2,37),(3,37),(4,37),(5,37),(6,37),(7,37),(8,37),(9,37),(10,37),(11,37),(12,37),(13,37),(14,37),(15,37),(0,38),(1,38),(2,38),(3,38),(4,38),(5,38),(6,38),(7,38),(8,38),(9,38),(10,38),(11,38),(12,38),(13,38),(14,38),(15,38),(0,39),(1,39),(2,39),(3,39),(4,39),(5,39),(6,39),(7,39),(8,39),(9,39)
(12,5),(13,5),(14,5),(15,5),(0,6),(1,6),(2,6),(3,6),(4,6),(5,6),(6,6),(9,6),(10,7),(1,14),(2,14),(3,14),(4,14),(5,14),(6,14),(7,14),(8,14),(9,14),(10,14),(11,14),(12,14),(13,14),(14,14),(15,14),(13,16),(9,17),(10,17),(11,17),(12,37),(13,37),(14,37),(15,37),(0,38),(1,38),(2,38),(3,38),(4,38),(5,38),(6,38),(7,38),(8,38),(9,38),(10,38),(11,38),(12,38),(13,38),(14,38),(15,38),(0,39),(1,39),(2,39),(3,39),(4,39),(5,39),(6,39),(7,39),(8,39),(9,39),(10,39)
(0,3),(1,3),(11,3),(12,3),(0,5),(1,5),(2,5),(10,17),(11,17),(12,37),(13,37),(14,37),(15,37),(0,38),(1,38),(2,38),(3,38),(4,38),(5,38),(6,38),(7,38),(8,38),(9,38),(10,38),(11,38),(12,38),(13,38),(14,38),(15,38),(0,39),(1,39),(2,39),(3,39),(4,39),(5,39),(6,39),(7,39),(8,39),(9,39),(10,39),(11,39)





















