
















14,15,16

17,18
12,13,19
11,20



24
9,10,21,25
11,20,21,26
17,18,19,20,21,26,27
24,25,26,27,28







4



8
2,3,5,9
4,5,10
8,9,10,11
22,23,25,26,27,28,29,5,10,11,12







20



24
18,19,21,25
20,21,26
24,25,26,27






2

4

5
7
6,7,8

9,10
1,3,11
2,3,12
10,11,12,13
8,9,11,12,13,14
22,23,25,26,27,28,3,12,13,14,15
6,7,9,10,11,12,13,21,26,27,28,16
14,15,28,13,14,15,16,17





































































































22,23
19,20,24
16,17,24,25
13,14,24,25,26
10,11,24,25,26,27
7,8,24,25,26,27,28




30,1
2
2,3
2,3,4
2,3,4,5
2,3,4,5,6
2,3,4,5,6,7
2,3,4,5,6,7,8
2,3,4,5,6,7,8,9
2,3,4,5,6,7,8,9,10
2,3,4,5,6,7,8,9,10,11
2,3,4,5,6,7,8,9,10,11,12
24,25,26,27,28,29,0,1,2,3,4,5,6,7,8,9,10,11,12,13
5,14,27,28,29,3,4,5,6,7,8,9,10,11,12,13,14
4,11,28,29,3,4,5,6,7,8,9,10,11,12,13,14,15
3,8,29,3,4,5,6,7,8,9,10,11,12,13,14,15,16
2,20,25,26,27,28,29,3,4,5,6,7,8,9,10,11,12,13,14,15,16,17
1,17,26,27,28,29,3,4,5,6,7,8,9,10,11,12,13,14,15,16,17,18
0,23,24,25,26,27,28,29,3,4,5,6,7,8,9,10,11,12,13,14,15,16,17,18,19
31,21,23,24,25,26,27,28,29,3,4,5,6,7,8,9,10,11,12,13,14,15,16,17,18,19,20
28,12,14,27,28,29,3,4,5,6,7,8,9,10,11,12,13,14,15,16,17,18,19,20,21
25,9,11,28,29,3,4,5,6,7,8,9,10,11,12,13,14,15,16,17,18,19,20,21,22
22,6,8,29,3,4,5,6,7,8,9,10,11,12,13,14,15,16,17,18,19,20,21,22,23
19,18,20,25,26,27,28,29,3,4,5,6,7,8,9,10,11,12,13,14,15,16,17,18,19,20,21,22,23,24
16,15,17,26,27,28,29,3,4,5,6,7,8,9,10,11,12,13,14,15,16,17,18,19,20,21,22,23,24,25
2,31,1,2,3,4,5,6,7,8,9,10,11,12,13,14,15,16,17,18,19,20,21,22,23,24,25,26
31,3,4,5,6,7,8,9,10,11,12,13,31,0,20,21,22,23,24,25,26,27
30,3,4,5,6,7,8,9,10,11,12,13,16,1,19,20,21,22,23,24,25,26,27,28
29,3,4,5,6,7,8,9,10,11,12,13,19,2,18,19,20,21,22,23,24,25,26,27,28,29
28,3,4,5,6,7,8,9,10,11,12,13,22,3,17,18,19,20,21,22,23,24,25,26,27,28,29,30
27,3,4,5,6,7,8,9,10,11,12,13,25,4,16,17,18,19,20,21,22,23,24,25,26,27,28,29,30,31
26,3,4,5,6,7,8,9,10,11,12,13,28,5,15,16,17,18,19,20,21,22,23,24,25,26,27,28,29,30,31,0
25,2,3,4,5,6,7,8,9,10,11,12,13,30,2,3,4,5,6,7,8,9,10,11,12,13,14,15,16,17,18,19,20,21,22,23,24,25,26,27,28,29,30,31,0,1
24,0,1,2,3,4,5,6,7,8,9,10,11,12,13,27,28,29,30,31,0,1,2
21,3,4,5,6,7,8,9,10,11,12,13,14,15,16,26,27,28,29,30,31,0,1,2,3
18,3,4,5,6,7,8,9,10,11,12,13,17,18,19,25,26,27,28,29,30,31,0,1,2,3,4
15,3,4,5,6,7,8,9,10,11,12,13,20,21,22,24,25,26,27,28,29,30,31,0,1,2,3,4,5
12,3,4,5,6,7,8,9,10,11,12,13,23,24,25,23,24,25,26,27,28,29,30,31,0,1,2,3,4,5,6
9,3,4,5,6,7,8,9,10,11,12,13,26,27,28,22,23,24,25,26,27,28,29,30,31,0,1,2,3,4,5,6,7
27,3,4,5,6,7,8,9,10,11,12,13,29,30,31,21,22,23,24,25,26,27,28,29,30,31,0,1,2,3,4,5,6,7,8
24,28,29,30,31,0,1,2,3,4,5,6,24,25,2,3,4,5,6,7,8,9
23,28,29,30,31,0,1,2,3,4,5,6,12,27,0,1,2,3,4,5,6,7,8,9,10
22,28,29,30,31,0,1,2,3,4,5,6,15,28,31,0,1,2,3,4,5,6,7,8,9,10,11
21,28,29,30,31,0,1,2,3,4,5,6,18,29,30,31,0,1,2,3,4,5,6,7,8,9,10,11,12
20,28,29,30,31,0,1,2,3,4,5,6,21,30,29,30,31,0,1,2,3,4,5,6,7,8,9,10,11,12,13
19,27,28,29,30,31,0,1,2,3,4,5,6,31,28,29,30,31,0,1,2,3,4,5,6,7,8,9,10,11,12,13,14









































11,12,13,14,15,16,17,18,19,20,21,22,23,24
8,9,10,11,14,15,16,17,18,19,20,21,22,23,24,25
1,2,3,4,14,15,16,17,18,19,20,21,22,23,24,25,26







































21,22,23,24,25,26,27,28,29,30,31,0,1,2
18,19,20,21,24,25,26,27,28,29,30,31,0,1,2,3
13,14,15,24,25,26,27,28,29,30,31,0,1,2,3,4
10,11,12,13,24,25,26,27,28,29,30,31,0,1,2,3,4,5






























































31,0,4






6,7,11






13,14,18






20,21,25






27,28,0

















13,14,18






20,21,25
22,23,24,25,26
15,16,17,18,19,27
1,2,3,4,5,27,28
8,9,10,11,12,27,28,29
15,16,17,18,19,27,28,29,30
22,23,24,25,26,27,28,29,30,31
29,30,31,0,1,27,28,29,30,31,0
5,12,19,26,1,19,26,27,28,29,30,31,0,1
5,12,19,26,1,19,26,27,28,29,30,31,0,1,2
5,12,19,26,1,19,26,27,28,29,30,31,0,1,2,3
5,12,19,26,1,19,26,27,28,29,30,31,0,1,2,3,4
5,12,19,26,1,19,26,27,28,29,30,31,0,1,2,3,4,5
5,12,19,26,1,19,26,27,28,29,30,31,0,1,2,3,4,5,6
5,12,19,26,1,19,26,27,28,29,30,31,0,1,2,3,4,5,6,7
5,12,19,26,1,19,26,27,28,29,30,31,0,1,2,3,4,5,6,7,8
5,12,19,26,1,19,26,27,28,29,30,31,0,1,2,3,4,5,6,7,8,9
5,12,19,26,1,19,26,27,28,29,30,31,0,1,2,3,4,5,6,7,8,9,10
5,12,19,26,1,19,26,27,28,29,30,31,0,1,2,3,4,5,6,7,8,9,10,11
29,30,7,12,2,3,4,5,6,7,8,9,10,11,12,30,31,0,1,2,3,4,5,6,7,8,9,10,11,12
27,28,29,11,12,2,3,4,5,6,7,8,9,10,11,12,30,31,0,1,2,3,4,5,6,7,8,9,10,11,12,13
24,25,26,4,5,2,3,4,5,6,7,8,9,10,11,12,29,30,31,0,1,2,3,4,5,6,7,8,9,10,11,12,13,14
23,26,0,5,2,3,4,5,6,7,8,9,10,11,12,29,30,31,0,1,2,3,4,5,6,7,8,9,10,11,12,13,14,15
20,21,22,0,1,2,3,4,5,6,7,8,9,10,11,12,1,2,3,4,5,6,7,8,9,10,11,12,13,14,15,16
19,22,28,1,2,3,4,5,6,7,8,9,10,11,12,1,2,3,4,5,6,7,8,9,10,11,12,13,14,15,16,17
16,17,18,25,26,2,3,4,5,6,7,8,9,10,11,12,0,1,2,3,4,5,6,7,8,9,10,11,12,13,14,15,16,17,18
15,18,21,26,2,3,4,5,6,7,8,9,10,11,12,0,1,2,3,4,5,6,7,8,9,10,11,12,13,14,15,16,17,18,19
12,13,14,18,19,2,3,4,5,6,7,8,9,10,11,12,31,0,1,2,3,4,5,6,7,8,9,10,11,12,13,14,15,16,17,18,19,20
11,14,14,19,2,3,4,5,6,7,8,9,10,11,12,31,0,1,2,3,4,5,6,7,8,9,10,11,12,13,14,15,16,17,18,19,20,21



























4,5,6,7,8,9,10,11,12,13,14,15,16,17
1,2,3,4,7,8,9,10,11,12,13,14,15,16,17,18
28,29,30,7,8,9,10,11,12,13,14,15,16,17,18,19
25,26,27,28,7,8,9,10,11,12,13,14,15,16,17,18,19,20
2,3,4,5,6,7,8,9,10,11,12,18,19,28,29,30,31,0,1,2,3,4,5,6,7,8,9,10,11,12,13,14,15,16,17,18,19,20,21,22,23,24,25,21
2,3,4,5,6,7,8,9,10,11,12,25,26,27,28,29,30,31,0,1,2,3,4,5,6,7,8,9,10,11,12,13,14,15,16,17,18,19,20,21,22,31,0,1,19,20,21,22
2,3,4,5,6,7,8,9,10,11,12,21,26,27,28,29,30,31,0,1,2,3,4,5,6,7,8,9,10,11,12,13,14,15,16,17,18,19,20,21,22,1,5,18,19,20,21,22,23
2,3,4,5,6,7,8,9,10,11,12,14,19,28,29,30,31,0,1,2,3,4,5,6,7,8,9,10,11,12,13,14,15,16,17,18,19,20,21,22,25,29,20,21,22,23,24
8,9,10,14,21,22,7,8,9,10,11,12,13,14,15,16,17,18,19,20,21,22,23,24,25
7,10,11,22,7,8,9,10,11,12,13,14,15,16,17,18,19,20,21,22,23,24,25,26
4,5,6,26,15,16,17,18,19,20,21,22,7,8,9,10,11,12,13,14,15,16,17,18,19,20,21,22,23,24,25,26,27
3,6,23,16,17,18,19,20,21,22,7,8,9,10,11,12,13,14,15,16,17,18,19,20,21,22,23,24,25,26,27,28
0,1,2,29,13,14,15,16,17,18,19,20,21,22,7,8,9,10,11,12,13,14,15,16,17,18,19,20,21,22,23,24,25,26,27,28,29
31,2,30,13,14,15,16,17,18,19,20,21,22,7,8,9,10,11,12,13,14,15,16,17,18,19,20,21,22,23,24,25,26,27,28,29,30



























13,14,15,16,17,18,19,20,21,22,23,24,25,26
10,11,12,13,16,17,18,19,20,21,22,23,24,25,26,27
5,6,7,16,17,18,19,20,21,22,23,24,25,26,27,28
2,3,4,5,16,17,18,19,20,21,22,23,24,25,26,27,28,29
18,19,20,21,22,7,8,9,10,11,12,13,14,15,16,17,18,19,20,21,22,23,24,25,26,27,28,29,30,31,0,1,2,30
22,17,18,19,20,21,22,7,8,9,10,11,12,13,14,15,16,17,18,19,20,21,22,23,24,25,26,27,28,29,30,31,8,9,10,28,29,30,31
19,18,19,20,21,22,7,8,9,10,11,12,13,14,15,16,17,18,19,20,21,22,23,24,25,26,27,28,29,30,31,10,14,27,28,29,30,31,0
15,20,21,22,7,8,9,10,11,12,13,14,15,16,17,18,19,20,21,22,23,24,25,26,27,28,29,30,31,2,6,29,30,31,0,1
28,29,30,2,30,31,16,17,18,19,20,21,22,23,24,25,26,27,28,29,30,31,0,1,2
27,30,31,31,16,17,18,19,20,21,22,23,24,25,26,27,28,29,30,31,0,1,2,3
24,25,26,6,28,29,30,31,16,17,18,19,20,21,22,23,24,25,26,27,28,29,30,31,0,1,2,3,4
23,26,3,29,30,31,16,17,18,19,20,21,22,23,24,25,26,27,28,29,30,31,0,1,2,3,4,5
20,21,22,10,26,27,28,29,30,31,16,17,18,19,20,21,22,23,24,25,26,27,28,29,30,31,0,1,2,3,4,5,6
19,22,7,27,28,29,30,31,16,17,18,19,20,21,22,23,24,25,26,27,28,29,30,31,0,1,2,3,4,5,6,7



























22,23,24,25,26,27,28,29,30,31,0,1,2,3
19,20,21,22,25,26,27,28,29,30,31,0,1,2,3,4
14,15,16,25,26,27,28,29,30,31,0,1,2,3,4,5
11,12,13,14,25,26,27,28,29,30,31,0,1,2,3,4,5,6
4,18,19,20,21,22,23,24,25,26,27,28,29,30,31,16,17,18,19,20,21,22,23,24,25,26,27,28,29,30,31,0,1,2,3,4,5,6,7,8,17,18,19,5,6,7
30,20,21,22,23,24,25,26,27,28,29,30,31,16,17,18,19,20,21,22,23,24,25,26,27,28,29,30,31,0,1,2,3,4,5,6,7,8,11,15,6,7,8
6,18,19,20,21,22,23,24,25,26,27,28,29,30,31,16,17,18,19,20,21,22,23,24,25,26,27,28,29,30,31,0,1,2,3,4,5,6,7,8,19,23,4,5,6,7,8,9
28,20,21,22,23,24,25,26,27,28,29,30,31,16,17,18,19,20,21,22,23,24,25,26,27,28,29,30,31,0,1,2,3,4,5,6,7,8,9,10,11,7,8,9,10
16,17,18,22,7,8,25,26,27,28,29,30,31,0,1,2,3,4,5,6,7,8,9,10,11
15,18,19,8,25,26,27,28,29,30,31,0,1,2,3,4,5,6,7,8,9,10,11,12
12,13,14,26,5,6,7,8,25,26,27,28,29,30,31,0,1,2,3,4,5,6,7,8,9,10,11,12,13
11,14,23,6,7,8,25,26,27,28,29,30,31,0,1,2,3,4,5,6,7,8,9,10,11,12,13,14
8,9,10,30,3,4,5,6,7,8,25,26,27,28,29,30,31,0,1,2,3,4,5,6,7,8,9,10,11,12,13,14,15
7,10,27,4,5,6,7,8,25,26,27,28,29,30,31,0,1,2,3,4,5,6,7,8,9,10,11,12,13,14,15,16
16,17,18,4,5,6,13,27,28,29,30,31,0,1,2,3,4,5,6,7,8,25,26,27,28,29,30,31,0,1,2,3,4,5,6,7,8,9,10,11,12,13,14,15,16,17
10,14,5,6,7,29,30,31,0,1,2,3,4,5,6,7,8,25,26,27,28,29,30,31,0,1,2,3,4,5,6,7,8,9,10,11,12,13,14,15,16,17,18
18,22,3,4,5,6,15,27,28,29,30,31,0,1,2,3,4,5,6,7,8,25,26,27,28,29,30,31,0,1,2,3,4,5,6,7,8,9,10,11,12,13,14,15,16,17,18,19
8,9,10,6,5,29,30,31,0,1,2,3,4,5,6,7,8,25,26,27,28,29,30,31,0,1,2,3,4,5,6,7,8,9,10,11,12,13,14,15,16,17,18,19,20
5,6,7,24,25,26,27,28,29,30,31,0,1,2,3,4,5,6,10,16,17,18,19,20,21
4,7,24,25,26,27,28,29,30,31,0,1,2,3,4,5,6,7,17,18,19,20,21,22
1,2,3,24,25,26,27,28,29,30,31,0,1,2,3,4,5,6,14,14,15,16,17,18,19,20,21,22,23
0,3,24,25,26,27,28,29,30,31,0,1,2,3,4,5,6,11,15,16,17,18,19,20,21,22,23,24
29,30,31,24,25,26,27,28,29,30,31,0,1,2,3,4,5,6,18,12,13,14,15,16,17,18,19,20,21,22,23,24,25
28,31,24,25,26,27,28,29,30,31,0,1,2,3,4,5,6,15,13,14,15,16,17,18,19,20,21,22,23,24,25,26
31,0,1,27,24,25,26,27,28,29,30,31,0,1,2,3,4,5,6,14,6,7,8,9,10,11,12,13,14,15,16,17,18,19,20,21,22,23,24,25,26,27
6,7,8,26,27,24,25,26,27,28,29,30,31,0,1,2,3,4,5,6,22,4,5,6,7,8,9,10,11,12,13,14,15,16,17,18,19,20,21,22,23,24,25,26,27,28
8,12,25,26,27,24,25,26,27,28,29,30,31,0,1,2,3,4,5,6,24,4,5,6,7,8,9,10,11,12,13,14,15,16,17,18,19,20,21,22,23,24,25,26,27,28,29
1,5,27,24,25,26,27,28,29,30,31,0,1,2,3,4,5,6,16,6,7,8,9,10,11,12,13,14,15,16,17,18,19,20,21,22,23,24,25,26,27,28,29,30
28,29,30,14,15,16,17,18,19,20,21,22,23,24,25,26,27,31,26,27,28,29,30,31
2,3,4,28,29,13,17,18,27,28,29,30,31,0,1,2,3,4,5,6,7,8,9,10,11,12,13,14,15,16,17,18,19,20,21,22,22,23,24,25,26,27,28,29,30,31,31,0,1,2,3,4,5,6,7,8,8,9,10,11,12,13,14,15,16,17,18,19,20,21,22,23,24,25,26,27,28,29,30,31,0
5,6,27,28,29,13,17,18,14,15,16,17,18,19,20,21,22,22,23,24,25,26,27,28,29,30,31,31,0,1,2,3,4,5,6,7,8,8,9,10,11,12,13,14,15,16,17,18,19,20,21,22,23,24,25,26,27,28,29,30,31,0,1
7,8,27,28,29,13,17,18,19,20,21,22,23,24,25,26,27,28,29,30,31,31,0,1,2,3,4,5,6,7,8,8,9,10,11,12,13,14,15,16,17,18,19,20,21,22,23,24,25,26,27,28,29,30,31,0,1,2
0,1,29,11,12,13,17,18,28,29,30,31,0,1,2,3,4,5,6,7,8,8,9,10,11,12,13,14,15,16,17,18,19,20,21,22,23,24,25,26,27,28,29,30,31,0,1,2,3
0,1,11,12,13,17,18,5,6,7,8,9,10,11,12,13,14,15,16,17,18,19,20,21,22,23,24,25,26,27,28,29,30,31,0,1,2,3,4
30,31,12,13,27,28,16,17,18,4,5,6,18,19,20,21,22,23,24,25,26,27,28,29,30,31,0,1,2,3,4,5
16,17,18,14,15,16,17,18,19,20,21,22,23,24,25,26,27,3,24,25,26,27,28,29,30,31,0,1,2,3,4,5,6
19,20,21,14,15,16,17,18,19,20,21,22,23,24,25,26,27,7,22,23,24,25,26,27,28,29,30,31,0,1,2,3,4,5,6,7
22,23,24,14,15,16,17,18,19,20,21,22,23,24,25,26,27,13,5,6,18,19,20,21,22,23,24,25,26,27,28,29,30,31,0,1,2,3,4,5,6,7,8
25,26,27,14,15,16,17,18,19,20,21,22,23,24,25,26,27,21,3,4,5,6,18,19,20,21,22,23,24,25,26,27,28,29,30,31,0,1,2,3,4,5,6,7,8,9
18,25,26,27,28,29,30,31,0,1,2,3,4,5,6,9,10,11,12,13,14,15,18,1,2,3,4,5,6,7,8,9,10
18,28,29,30,31,0,1,2,3,4,5,6,19,20,21,4,5,6,7,8,9,10,11,12,13,14,15,21,1,2,3,4,5,6,7,8,9,10,11
18,28,29,30,31,0,1,2,3,4,5,6,16,17,18,5,6,7,8,9,10,11,12,13,14,15,30,0,1,2,3,4,5,6,7,8,9,10,11,12
18,28,29,30,31,0,1,2,3,4,5,6,22,23,24,3,4,5,6,7,8,9,10,11,12,13,14,15,24,1,2,3,4,5,6,7,8,9,10,11,12,13
18,28,29,30,31,0,1,2,3,4,5,6,13,14,15,6,7,8,9,10,11,12,13,14,15,4,27,28,29,30,31,0,1,2,3,4,5,6,7,8,9,10,11,12,13,14
18,28,29,30,31,0,1,2,3,4,5,6,10,11,12,7,8,9,10,11,12,13,14,15,27,1,2,3,4,5,6,7,8,9,10,11,12,13,14,15
18,28,29,30,31,0,1,2,3,4,5,6,7,8,9,8,9,10,11,12,13,14,15,11,25,26,27,28,29,30,31,0,1,2,3,4,5,6,7,8,9,10,11,12,13,14,15,16
31,0,13,14,15,16,17,18,3,4,5,6,7,8,9,10,11,12,13,14,15,1,2,3,4,5,6,7,8,9,10,11,12,13,14,15,16,17
30,14,15,16,17,18,21,22,23,24,25,26,27,28,29,30,31,0,1,2,3,4,5,6,7,8,9,10,11,12,13,14,15,1,2,3,4,5,6,7,8,9,10,11,12,13,14,15,16,17,18
29,15,16,17,18,24,25,26,27,28,29,14,15,16,17,18,19,20,21,22,23,24,25,26,27,28,29,30,31,0,1,2,3,4,5,6,7,8,9,10,11,12,13,14,15,1,2,3,4,5,6,7,8,9,10,11,12,13,14,15,16,17,18,19
19,15,18,14,15,16,17,18,19,20,21,22,23,24,25,26,27,0,25,26,27,28,29,30,31,0,1,2,3,4,5,6,7,8,9,10,11,12,13,14,15,16,17,18,19,20
20,14,15,21,14,15,16,17,18,19,20,21,22,23,24,25,26,27,4,23,24,25,26,27,28,29,30,31,0,1,2,3,4,5,6,7,8,9,10,11,12,13,14,15,16,17,18,19,20,21
21,13,14,15,30,14,15,16,17,18,19,20,21,22,23,24,25,26,27,28,27,28,29,30,31,0,1,2,3,4,5,6,7,8,9,10,11,12,13,14,15,16,17,18,19,20,21,22
24,10,11,12,13,14,15,24,14,15,16,17,18,19,20,21,22,23,24,25,26,27,15,5,6,18,19,20,21,22,23,24,25,26,27,28,29,30,31,0,1,2,3,4,5,6,7,8,9,10,11,12,13,14,15,16,17,18,19,20,21,22,23
22,12,13,14,15,4,5,14,15,16,17,18,19,20,21,22,23,24,25,26,27,28,29,30,31,0,1,2,3,4,5,6,7,8,9,10,11,12,13,14,15,16,17,18,19,20,21,22,23,24
23,11,12,13,14,15,27,14,15,16,17,18,19,20,21,22,23,24,25,26,27,23,3,4,5,6,18,19,20,21,22,23,24,25,26,27,28,29,30,31,0,1,2,3,4,5,6,7,8,9,10,11,12,13,14,15,16,17,18,19,20,21,22,23,24,25
28,29,30,31,0,1,2,3,4,5,6,9,26,1,2,3,4,5,6,7,8,9,10,11,12,13,14,15,13,25,26,27,28,29,30,31,0,1,2,3,4,5,6,7,8,9,10,11,12,13,14,15,16,17,18,19,20,21,22,23,24,25,26
16,17,27,28,16,17,18,26,27,28,29,30,31,0,1,2,3,4,5,6,7,8,9,10,11,12,13,14,15,16,17,18,19,20,21,22,23,24,25,26,27





















