4
4
1
1
1
2
2
3
3
26
26
21,27
20
20
17
17
17
19,28
19,28
20,28
21,27,28
26,27,28
13
13
25,29
26,29,13
27,28,29,13
28,29,13,2,3
29,13,1,2,3
13,1,2,3,4
6
6
5
5
10
10
5,11
10,11,13
17
17
9,12
10,12,17
11,12,13,17
12,13,17,4,5
13,17,4,5,6
17,1,2,3,4,5,6
18
18
28
28
26
26
21,27
26,27,17
16
16
25,28
26,28,16
27,28,16,17
28,16,17,6,28
16,17,18,6,28
20
19
18
18
12
3,13
12,13,16
5
7
9
8,9
9,15
11,15
11,14
12,14,15
13,14,15,16
14,15,16,18,18
15,16,18,18,19
16,18,18,19,20
17,18,6,18,19,20,28
18,1,2,3,4,5,6,18,19,20,28
1,2,3,4,5,6,11,12,13,14,15,16,17,18,19,20,28
15,21
14,22
13,23
12,25
11,26
10,24
11
11
9,15,11
10,11,12,13,14,15,11,12,13,14,15,16,17,27
10,11,12,13,14,15,11,12,13,14,15,16,17,27
10,11,12,13,14,15,11,12,13,14,15,16,17,27
10,11,12,13,14,15,11,12,13,14,15,16,17,27
10,11,12,13,14,15,11,12,13,14,15,16,17,27
10,11,12,13,14,15,11,12,13,14,15,16,17,27
10,11,12,13,14,15,11,12,13,14,15,16,17,27
10,11,12,13,14,15,11,12,13,14,15,16,17,27
10,11,12,13,14,15,11,12,13,14,15,16,17,27
10,11,12,13,14,15,11,12,13,14,15,16,17,27
10,11,12,13,14,15,11,12,13,14,15,16,17,27
17
17
8,17,27
16
16
7,11,16
15
15
6,12,15
13
13
5,13,13
12
12
4,14,12
14
14
3,10,14
2,10
1,27
0,11
31,12
30,13
29,14
28,15
3
3
27,2,3
28,29,30,31,0,1,2,3,4,5,6,7,8,9
28,29,30,31,0,1,2,3,4,5,6,7,8,9
28,29,30,31,0,1,2,3,4,5,6,7,8,9
28,29,30,31,0,1,2,3,4,5,6,7,8,9
28,29,30,31,0,1,2,3,4,5,6,7,8,9
28,29,30,31,0,1,2,3,4,5,6,7,8,9
28,29,30,31,0,1,2,3,4,5,6,7,8,9
28,29,30,31,0,1,2,3,4,5,6,7,8,9
28,29,30,31,0,1,2,3,4,5,6,7,8,9
28,29,30,31,0,1,2,3,4,5,6,7,8,9
28,29,30,31,0,1,2,3,4,5,6,7,8,9
4
4
26,29,4
5
5
25,30,5
6
6
24,31,6
7
7
23,0,7
8
8
22,1,8
9
9
21,28,9
20,28
19,29
18,30
17,31
16,0
15,1
24
29
29,17,24
23
28
28,16,23
22
27
27,15,22
26
26
26,19,26
25
25
25,18,25
21
24
24,20,21
25,26,27,28,29,14,20,21,20
26,27,28,29,14,18,20,21,25,20
27,28,29,14,18,19,20,21,25,26,20
28,29,14,15,18,19,20,21,22,25,26,20
29,14,15,16,18,19,20,21,22,23,25,26,20
14,15,16,17,18,19,20,21,22,23,24,25,26,20
2,2
27
14
2,14,27
3,4,5,6,7,8,9,10,11,12,13,14,27,2
4,5,6,7,8,9,10,11,12,13,14,15,16,17,18,19,20,21,22,23,24,25,26,27,2
5,6,7,8,9,10,11,12,13,14,15,16,17,18,19,20,21,22,23,24,25,26,27,2
6,7,8,9,10,11,12,13,14,15,16,17,18,19,20,21,22,23,24,25,26,27,2
7,8,9,10,11,12,13,14,15,16,17,18,19,20,21,22,23,24,25,26,27,2
8,9,10,11,12,13,14,15,16,17,18,19,20,21,22,23,24,25,26,27,2
9,10,11,12,13,14,15,16,17,18,19,20,21,22,23,24,25,26,27,2
10,11,12,13,14,15,16,17,18,19,20,21,22,23,24,25,26,27,2
11,12,13,14,15,16,17,18,19,20,21,22,23,24,25,26,27,2
12,13,14,15,16,17,18,19,20,21,22,23,24,25,26,27,2
13,14,15,16,17,18,19,20,21,22,23,24,25,26,27,2
14,15,16,17,18,19,20,21,22,23,24,25,26,27,2
15,16,17,18,19,20,21,22,23,24,25,26,27,2,20
16,17,18,19,20,21,22,23,24,25,26,27,1,2,20
17,18,19,20,21,22,23,24,25,26,27,0,1,2,20
18,19,20,21,22,23,24,25,26,27,31,0,1,2,20
19,20,21,22,23,24,25,26,27,30,31,0,1,2,20
20,21,22,23,24,25,26,27,29,30,31,0,1,2,20
21,22,23,24,25,26,27,28,29,30,31,0,1,2,20
22,23,24,25,26,27,28,29,30,31,0,1,2,9,19,20
23,24,25,26,27,28,29,30,31,0,1,2,8,9,19,20
24,25,26,27,28,29,30,31,0,1,2,7,8,9,19,20
25,26,27,28,29,30,31,0,1,2,6,7,8,9,19,20
26,27,28,29,30,31,0,1,2,5,6,7,8,9,19,20
27,28,29,30,31,0,1,2,4,5,6,7,8,9,19,20
28,29,30,31,0,1,2,3,4,5,6,7,8,9,19,20
29,30,31,0,1,2,3,4,5,6,7,8,9,15,19,20
30,31,0,1,2,3,4,5,6,7,8,9,14,15,19,20
31,0,1,2,3,4,5,6,7,8,9,13,14,15,19,20
0,1,2,3,4,5,6,7,8,9,12,13,14,15,19,20
1,2,3,4,5,6,7,8,9,11,12,13,14,15,19,20
2,3,4,5,6,7,8,9,11,12,13,14,15,19,20,27
3,4,5,6,7,8,9,10,11,12,13,14,15,19,20,27
4,5,6,7,8,9,10,11,12,13,14,15,14,18,19,20,27
5,6,7,8,9,10,11,12,13,14,15,12,14,18,19,20,27
6,7,8,9,10,11,12,13,14,15,12,13,14,18,19,20,27
7,8,9,10,11,12,13,14,15,12,13,14,15,18,19,20,27
8,9,10,11,12,13,14,15,12,13,14,15,16,18,19,20,27
9,10,11,12,13,14,15,12,13,14,15,16,17,18,19,20,27
10,11,12,13,14,15,11,12,13,14,15,16,17,18,19,20,27
11,12,13,14,15,11,12,13,14,15,16,17,18,19,20,24,27
12,13,14,15,11,12,13,14,15,16,17,18,19,20,24,26,27
13,14,15,11,12,13,14,15,16,17,18,19,20,24,25,26,27
14,15,11,12,13,14,15,16,17,18,19,20,23,24,25,26,27
15,11,12,13,14,15,16,17,18,19,20,22,23,24,25,26,27
11,12,13,14,15,16,17,18,19,20,21,22,23,24,25,26,27
7
7
7,11,21
8
8
8,12,22
9
9
9,14,24
10
10
10,16,26
0
0
0,13,23
28
28
27,28,31
27
27
27,15,25
31,25
29
29
26,29,30
26
26
25,26,17
25,30
25,27
25,26,27,0,7,8,9,10,21,22,23,24,25,26
25,26,27,0,7,8,9,10,21,22,23,24,25,26
25,26,27,0,7,8,9,10,21,22,23,24,25,26
25,26,27,0,7,8,9,10,21,22,23,24,25,26
25,26,27,0,7,8,9,10,21,22,23,24,25,26
25,26,27,0,7,8,9,10,21,22,23,24,25,26
25,26,27,0,7,8,9,10,21,22,23,24,25,26
25,26,27,0,7,8,9,10,21,22,23,24,25,26
25,26,27,0,7,8,9,10,21,22,23,24,25,26
25,26,27,0,7,8,9,10,21,22,23,24,25,26
25,26,27,0,7,8,9,10,21,22,23,24,25,26
26,27,30,0,7,8,9,10,17,21,22,23,24,25,26,27
27,29,30,0,7,8,9,10,17,21,22,23,24,25,26,27,28
28,29,30,31,0,7,8,9,10,15,17,21,22,23,24,25,26,27,28
27,23
26
26
26,27,0
25,21
24
24
24,25,7
23,22
22
22
22,23,8
21
21
6,19,21
6
6
5,6,9
5,19
5,24
18
18
4,18,20
4
4
3,4,10
3,20
3,26
3,4,5,6,22,23,24,25,26,27,28,29,30,31
3,4,5,6,22,23,24,25,26,27,28,29,30,31
3,4,5,6,22,23,24,25,26,27,28,29,30,31
3,4,5,6,22,23,24,25,26,27,28,29,30,31
3,4,5,6,22,23,24,25,26,27,28,29,30,31
3,4,5,6,22,23,24,25,26,27,28,29,30,31
3,4,5,6,22,23,24,25,26,27,28,29,30,31
3,4,5,6,22,23,24,25,26,27,28,29,30,31
3,4,5,6,22,23,24,25,26,27,28,29,30,31
3,4,5,6,22,23,24,25,26,27,28,29,30,31
3,4,5,6,22,23,24,25,26,27,28,29,30,31
4,5,6,20,22,23,24,25,26,27,28,29,30,31,10,26
5,6,18,20,22,23,24,25,26,27,28,29,30,31,6,10,26
6,18,19,20,22,23,24,25,26,27,28,29,30,31,6,9,10,24,26
18,19,20,21,22,23,24,25,26,27,28,29,30,31,6,9,10,24,26
17,23
16
16
16,17,22
15,25
14
14
14,15,24
13,27
12
12
12,13,26
8,13
7
7
7,8,12
6,15
5
5
5,6,14
4,17
3
3
3,4,16
31,4
30
30
30,31,3
29,6
28
28
28,29,5
27,8
26
26
26,27,7
22,27
21
21
21,22,26
20,2
19
19
19,20,31
18,1
17
17
17,18,0
16,29
15
15
15,16,28
14
14
13,14,30
13,31
5
5,16
29
29
29
5,29,15
29,2,3,4,5,6,7,8,9,10,11,12,15,16
12
12,13
30
30
30
12,30,14
30,2,3,4,5,6,7,8,9,10,11,12,13,14
19
19,22
31
31
31
19,31,21
31,2,3,4,5,6,7,8,9,10,11,12,21,22
26
26,20
0
0
0
26,0,19
0,2,3,4,5,6,7,8,9,10,11,12,19,20
1
1,18
1
1
1
1,1,17
1,2,3,4,5,6,7,8,9,10,11,12,17,18
13,14,15,16,17,18,19,20,21,22,22,23,24,25
13,14,15,16,17,18,19,20,21,22,22,23,24,25
13,14,15,16,17,18,19,20,21,22,22,23,24,25
13,14,15,16,17,18,19,20,21,22,22,23,24,25
13,14,15,16,17,18,19,20,21,22,22,23,24,25
13,14,15,16,17,18,19,20,21,22,22,23,24,25
13,14,15,16,17,18,19,20,21,22,22,23,24,25
13,14,15,16,17,18,19,20,21,22,22,23,24,25
13,14,15,16,17,18,19,20,21,22,22,23,24,25
13,14,15,16,17,18,19,20,21,22,22,23,24,25
13,14,15,16,17,18,19,20,21,22,22,23,24,25
19
19,25
28
28
28
19,28,22
28,2,3,4,5,6,7,8,9,10,11,12,22,25
26
26,24
27
27
27
26,27,23
27,2,3,4,5,6,7,8,9,10,11,12,23,24
28,29,30,31,0,1,2,3,4,5,6,7,8,9,10,11,12,23,24,1
29,30,31,0,1,2,3,4,5,6,7,8,9,10,11,12,22,23,24,25,1
30,31,0,1,2,3,4,5,6,7,8,9,10,11,12,15,16,22,23,24,25,1
31,0,1,2,3,4,5,6,7,8,9,10,11,12,13,14,15,16,22,23,24,25,1
0,1,2,3,4,5,6,7,8,9,10,11,12,13,14,15,16,21,22,22,23,24,25,1
1,2,3,4,5,6,7,8,9,10,11,12,13,14,15,16,19,20,21,22,22,23,24,25,1
2,3,4,5,6,7,8,9,10,11,12,13,14,15,16,17,18,19,20,21,22,22,23,24,25,1
3,4,5,6,7,8,9,10,11,12,13,14,15,16,17,18,19,20,21,22,22,23,24,25,1
4,5,6,7,8,9,10,11,12,13,14,15,16,17,18,19,20,21,22,22,23,24,25,1
5,6,7,8,9,10,11,12,13,14,15,16,17,18,19,20,21,22,22,23,24,25,1
6,7,8,9,10,11,12,13,14,15,16,17,18,19,20,21,22,22,23,24,25,1
7,8,9,10,11,12,13,14,15,16,17,18,19,20,21,22,22,23,24,25,1
8,9,10,11,12,13,14,15,16,17,18,19,20,21,22,22,23,24,25,1
9,10,11,12,13,14,15,16,17,18,19,20,21,22,22,23,24,25,1
10,11,12,13,14,15,16,17,18,19,20,21,22,22,23,24,25,1
11,12,13,14,15,16,17,18,19,20,21,22,22,23,24,25,1
12,13,14,15,16,17,18,19,20,21,22,22,23,24,25,1
13,14,15,16,17,18,19,20,21,22,22,23,24,25,1
14,15,16,17,18,19,20,21,22,22,23,24,25,30,31,1
15,16,17,18,19,20,21,22,22,23,24,25,30,31,1,2
16,17,18,19,20,21,22,22,23,24,25,28,30,31,1,2
17,18,19,20,21,22,22,23,24,25,28,29,30,31,1,2
18,19,20,21,22,22,23,24,25,28,29,30,31,0,1,2
19,20,21,22,22,23,24,25,28,29,30,31,0,1,1,2
20,21,22,22,23,24,25,28,29,30,31,31,0,1,1,2
21,22,22,23,24,25,28,29,30,31,31,0,1,2,1,2
22,22,23,24,25,26,28,29,30,31,31,0,1,2,1,2
22,23,24,25,26,27,28,29,30,31,31,0,1,2,1,2
22
22
21,22,25
21
21
20,21,11
20,25
20,9
23
23
19,23,24
19
19
18,19,8
18,24
18,10
18,19,20,21,26,27,28,29,30,31,31,0,1,2
18,19,20,21,26,27,28,29,30,31,31,0,1,2
18,19,20,21,26,27,28,29,30,31,31,0,1,2
18,19,20,21,26,27,28,29,30,31,31,0,1,2
18,19,20,21,26,27,28,29,30,31,31,0,1,2
18,19,20,21,26,27,28,29,30,31,31,0,1,2
18,19,20,21,26,27,28,29,30,31,31,0,1,2
18,19,20,21,26,27,28,29,30,31,31,0,1,2
18,19,20,21,26,27,28,29,30,31,31,0,1,2
18,19,20,21,26,27,28,29,30,31,31,0,1,2
18,19,20,21,26,27,28,29,30,31,31,0,1,2
19,20,21,24,26,27,28,29,30,31,31,0,1,2,8,10
20,21,23,24,26,27,28,29,30,31,31,0,1,2,8,10,3
21,23,24,25,26,27,28,29,30,31,31,0,1,2,8,9,10,11,3
22,23,24,25,26,27,28,29,30,31,31,0,1,2,8,9,10,11,3
23,24,25,26,27,28,29,30,31,31,0,1,2,8,9,10,11,1,2,3
24,25,26,27,28,29,30,31,31,0,1,2,8,9,10,11,1,2,3
25,26,27,28,29,30,31,31,0,1,2,8,9,10,11,1,2,3
26,27,28,29,30,31,31,0,1,2,8,9,10,11,1,2,3
27,28,29,30,31,31,0,1,2,7,8,9,10,11,1,2,3
28,29,30,31,31,0,1,2,7,8,8,9,10,11,1,2,3
29,30,31,31,0,1,2,5,7,8,8,9,10,11,1,2,3
30,31,31,0,1,2,5,6,7,8,8,9,10,11,1,2,3
31,31,0,1,2,3,5,6,7,8,8,9,10,11,1,2,3
31,0,1,2,3,4,5,6,7,8,8,9,10,11,1,2,3
31
31
30,31,2
30
30
29,30,21
29,2
29,19
0
0
28,0,1
28
28
27,28,18
27,1
27,20
27,28,29,30,3,4,5,6,7,8,8,9,10,11
27,28,29,30,3,4,5,6,7,8,8,9,10,11
27,28,29,30,3,4,5,6,7,8,8,9,10,11
27,28,29,30,3,4,5,6,7,8,8,9,10,11
27,28,29,30,3,4,5,6,7,8,8,9,10,11
27,28,29,30,3,4,5,6,7,8,8,9,10,11
27,28,29,30,3,4,5,6,7,8,8,9,10,11
27,28,29,30,3,4,5,6,7,8,8,9,10,11
27,28,29,30,3,4,5,6,7,8,8,9,10,11
27,28,29,30,3,4,5,6,7,8,8,9,10,11
27,28,29,30,3,4,5,6,7,8,8,9,10,11
28,29,30,1,3,4,5,6,7,8,8,9,10,11,18,20
29,30,0,1,3,4,5,6,7,8,8,9,10,11,18,20,4
30,0,1,2,3,4,5,6,7,8,8,9,10,11,18,19,20,21,4
31,0,1,2,3,4,5,6,7,8,8,9,10,11,18,19,20,21,4
0,1,2,3,4,5,6,7,8,8,9,10,11,18,19,20,21,1,2,3,4
1,2,3,4,5,6,7,8,8,9,10,11,18,19,20,21,1,2,3,4
2,3,4,5,6,7,8,8,9,10,11,18,19,20,21,1,2,3,4
3,4,5,6,7,8,8,9,10,11,18,19,20,21,1,2,3,4
4,5,6,7,8,8,9,10,11,16,18,19,20,21,1,2,3,4
5,6,7,8,8,9,10,11,16,17,18,19,20,21,1,2,3,4
6,7,8,8,9,10,11,14,16,17,18,19,20,21,1,2,3,4
7,8,8,9,10,11,14,15,16,17,18,19,20,21,1,2,3,4
8,8,9,10,11,12,14,15,16,17,18,19,20,21,1,2,3,4
8,9,10,11,12,13,14,15,16,17,18,19,20,21,1,2,3,4
11
11
7,9,11
7
7
6,7,28
6,9
6,31
8
8
5,8,10
5
5
4,5,29
4,10
4,30
4,5,6,7,12,13,14,15,16,17,18,19,20,21
4,5,6,7,12,13,14,15,16,17,18,19,20,21
4,5,6,7,12,13,14,15,16,17,18,19,20,21
4,5,6,7,12,13,14,15,16,17,18,19,20,21
4,5,6,7,12,13,14,15,16,17,18,19,20,21
4,5,6,7,12,13,14,15,16,17,18,19,20,21
4,5,6,7,12,13,14,15,16,17,18,19,20,21
4,5,6,7,12,13,14,15,16,17,18,19,20,21
4,5,6,7,12,13,14,15,16,17,18,19,20,21
4,5,6,7,12,13,14,15,16,17,18,19,20,21
4,5,6,7,12,13,14,15,16,17,18,19,20,21
5,6,7,10,12,13,14,15,16,17,18,19,20,21,29,30
6,7,8,10,12,13,14,15,16,17,18,19,20,21,29,30,5
7,8,9,10,12,13,14,15,16,17,18,19,20,21,28,29,30,31,5
8,9,10,11,12,13,14,15,16,17,18,19,20,21,28,29,30,31,5
9,10,11,12,13,14,15,16,17,18,19,20,21,28,29,30,31,1,2,3,4,5
10,11,12,13,14,15,16,17,18,19,20,21,28,29,30,31,1,2,3,4,5
11,12,13,14,15,16,17,18,19,20,21,28,29,30,31,1,2,3,4,5
12,13,14,15,16,17,18,19,20,21,28,29,30,31,1,2,3,4,5
13,14,15,16,17,18,19,20,21,26,28,29,30,31,1,2,3,4,5
14,15,16,17,18,19,20,21,26,27,28,29,30,31,1,2,3,4,5
15,16,17,18,19,20,21,24,26,27,28,29,30,31,1,2,3,4,5
16,17,18,19,20,21,24,25,26,27,28,29,30,31,1,2,3,4,5
17,18,19,20,21,22,24,25,26,27,28,29,30,31,1,2,3,4,5
18,19,20,21,22,23,24,25,26,27,28,29,30,31,1,2,3,4,5
19,20,21,22,23,24,25,26,27,28,29,30,31,1,2,3,4,5,6,9,10,24,26
20,21,22,23,24,25,26,27,28,29,30,31,1,2,3,4,5,6,9,10,24,26
21,22,23,24,25,26,27,28,29,30,31,1,2,3,4,5,6,9,10,24,26
22,23,24,25,26,27,28,29,30,31,1,2,3,4,5,6,9,10,24,26
23,24,25,26,27,28,29,30,31,1,2,3,4,5,6,8,9,10,24,26
24,25,26,27,28,29,30,31,1,2,3,4,5,6,8,9,10,22,24,26
25,26,27,28,29,30,31,1,2,3,4,5,6,7,8,9,10,22,24,26
26,27,28,29,30,31,1,2,3,4,5,6,7,8,9,10,21,22,24,26
27,28,29,30,31,0,1,2,3,4,5,6,7,8,9,10,21,22,24,26
28,29,30,31,0,1,2,3,4,5,6,7,8,9,10,21,22,23,24,26
29,30,31,0,1,2,3,4,5,6,7,8,9,10,15,17,21,22,23,24,25,26,27,28
30,31,0,1,2,3,4,5,6,7,8,9,10,15,17,21,22,23,24,25,26,27,28
31,0,1,2,3,4,5,6,7,8,9,10,15,17,21,22,23,24,25,26,27,28
0,1,2,3,4,5,6,7,8,9,10,15,17,21,22,23,24,25,26,27,28
1,2,3,4,5,6,7,8,9,10,13,15,17,21,22,23,24,25,26,27,28
2,3,4,5,6,7,8,9,10,11,12,13,14,15,16,17,18,19,20,21,22,23,24,25,26,27,28
3,4,5,6,7,8,9,10,11,12,13,14,15,16,17,18,19,20,21,22,23,24,25,26,27,28
4,5,6,7,8,9,10,11,12,13,14,15,16,17,18,19,20,21,22,23,24,25,26,27,28
5,6,7,8,9,10,11,12,13,14,15,16,17,18,19,20,21,22,23,24,25,26,27,28
6,7,8,9,10,11,12,13,14,15,16,17,18,19,20,21,22,23,24,25,26,27,28
7,8,9,10,11,12,13,14,15,16,17,18,19,20,21,22,23,24,25,26,27,28
8,9,10,11,12,13,14,15,16,17,18,19,20,21,22,23,24,25,26,27,28
9,10,11,12,13,14,15,16,17,18,19,20,21,22,23,24,25,26,27,28
10,11,12,13,14,15,16,17,18,19,20,21,22,23,24,25,26,27,28
11,12,13,14,15,16,17,18,19,20,21,22,23,24,25,26,27,28
12,13,14,15,16,17,18,19,20,21,22,23,24,25,26,27,28
13,14,15,16,17,18,19,20,21,22,23,24,25,26,27,28
14,15,16,17,18,19,20,21,22,23,24,25,26,27,28
15,16,17,18,19,20,21,22,23,24,25,26,27,28
16,17,18,19,20,21,22,23,24,25,26,27,28
17,18,19,20,21,22,23,24,25,26,27,28
18,19,20,21,22,23,24,25,26,27,28
19,20,21,22,23,24,25,26,27,28
20,21,22,23,24,25,26,27,28
21,22,23,24,25,26,27,28
22,23,24,25,26,27,28
23,24,25,26,27,28
24,25,26,27,28
25,26,27,28
26,27,28
27,28
28






















