(4,38)
(4,38)
(1,38)
(1,38)
(1,38)
(2,38)
(2,38)
(3,38)
(3,38)
(10,1)
(10,1)
(5,1),(11,1)
(4,1)
(4,1)
(1,1)
(1,1)
(1,1)
(3,1),(12,1)
(3,1),(12,1)
(4,1),(12,1)
(5,1),(11,1),(12,1)
(10,1),(11,1),(12,1)
(13,2)
(13,2)
(9,1),(13,1)
(10,1),(13,1),(13,2)
(11,1),(12,1),(13,1),(13,2)
(12,1),(13,1),(13,2),(2,38),(3,38)
(13,1),(13,2),(1,38),(2,38),(3,38)
(13,2),(1,38),(2,38),(3,38),(4,38)
(6,38)
(6,38)
(5,38)
(5,38)
(10,2)
(10,2)
(5,2),(11,2)
(10,2),(11,2),(13,2)
(1,5)
(1,5)
(9,2),(12,2)
(10,2),(12,2),(1,5)
(11,2),(12,2),(13,2),(1,5)
(12,2),(13,2),(1,5),(4,38),(5,38)
(13,2),(1,5),(4,38),(5,38),(6,38)
(1,5),(1,38),(2,38),(3,38),(4,38),(5,38),(6,38)
(2,5)
(2,5)
(12,39)
(12,39)
(10,3)
(10,3)
(5,3),(11,3)
(10,3),(11,3),(1,5)
(0,5)
(0,5)
(9,3),(12,3)
(10,3),(12,3),(0,5)
(11,3),(12,3),(0,5),(1,5)
(12,3),(0,5),(1,5),(6,38),(12,39)
(0,5),(1,5),(2,5),(6,38),(12,39)
(4,39)
(3,39)
(2,39)
(2,39)
(12,4)
(3,4),(13,4)
(12,4),(13,4),(0,5)
(5,4)
(7,4)
(9,4)
(8,4),(9,4)
(9,4),(15,4)
(11,4),(15,4)
(11,4),(14,4)
(12,4),(14,4),(15,4)
(13,4),(14,4),(15,4),(0,5)
(14,4),(15,4),(0,5),(2,5),(2,39)
(15,4),(0,5),(2,5),(2,39),(3,39)
(0,5),(2,5),(2,39),(3,39),(4,39)
(1,5),(2,5),(6,38),(2,39),(3,39),(4,39),(12,39)
(2,5),(1,38),(2,38),(3,38),(4,38),(5,38),(6,38),(2,39),(3,39),(4,39),(12,39)
(1,38),(2,38),(3,38),(4,38),(5,38),(6,38),(11,38),(12,38),(13,38),(14,38),(15,38),(0,39),(1,39),(2,39),(3,39),(4,39),(12,39)
(15,14),(5,39)
(14,14),(6,39)
(13,14),(7,39)
(12,14),(9,39)
(11,14),(10,39)
(10,14),(8,39)
(11,38)
(11,38)
(9,14),(15,14),(11,38)
(10,14),(11,14),(12,14),(13,14),(14,14),(15,14),(11,38),(12,38),(13,38),(14,38),(15,38),(0,39),(1,39),(11,39)
(10,14),(11,14),(12,14),(13,14),(14,14),(15,14),(11,38),(12,38),(13,38),(14,38),(15,38),(0,39),(1,39),(11,39)
(10,14),(11,14),(12,14),(13,14),(14,14),(15,14),(11,38),(12,38),(13,38),(14,38),(15,38),(0,39),(1,39),(11,39)
(10,14),(11,14),(12,14),(13,14),(14,14),(15,14),(11,38),(12,38),(13,38),(14,38),(15,38),(0,39),(1,39),(11,39)
(10,14),(11,14),(12,14),(13,14),(14,14),(15,14),(11,38),(12,38),(13,38),(14,38),(15,38),(0,39),(1,39),(11,39)
(10,14),(11,14),(12,14),(13,14),(14,14),(15,14),(11,38),(12,38),(13,38),(14,38),(15,38),(0,39),(1,39),(11,39)
(10,14),(11,14),(12,14),(13,14),(14,14),(15,14),(11,38),(12,38),(13,38),(14,38),(15,38),(0,39),(1,39),(11,39)
(10,14),(11,14),(12,14),(13,14),(14,14),(15,14),(11,38),(12,38),(13,38),(14,38),(15,38),(0,39),(1,39),(11,39)
(10,14),(11,14),(12,14),(13,14),(14,14),(15,14),(11,38),(12,38),(13,38),(14,38),(15,38),(0,39),(1,39),(11,39)
(10,14),(11,14),(12,14),(13,14),(14,14),(15,14),(11,38),(12,38),(13,38),(14,38),(15,38),(0,39),(1,39),(11,39)
(10,14),(11,14),(12,14),(13,14),(14,14),(15,14),(11,38),(12,38),(13,38),(14,38),(15,38),(0,39),(1,39),(11,39)
(1,39)
(1,39)
(8,14),(1,39),(11,39)
(0,39)
(0,39)
(7,14),(11,14),(0,39)
(15,38)
(15,38)
(6,14),(12,14),(15,38)
(13,38)
(13,38)
(5,14),(13,14),(13,38)
(12,38)
(12,38)
(4,14),(14,14),(12,38)
(14,38)
(14,38)
(3,14),(10,14),(14,38)
(2,14),(10,14)
(1,14),(11,39)
(0,14),(11,14)
(15,13),(12,14)
(14,13),(13,14)
(13,13),(14,14)
(12,13),(15,14)
(3,14)
(3,14)
(11,13),(2,14),(3,14)
(12,13),(13,13),(14,13),(15,13),(0,14),(1,14),(2,14),(3,14),(4,14),(5,14),(6,14),(7,14),(8,14),(9,14)
(12,13),(13,13),(14,13),(15,13),(0,14),(1,14),(2,14),(3,14),(4,14),(5,14),(6,14),(7,14),(8,14),(9,14)
(12,13),(13,13),(14,13),(15,13),(0,14),(1,14),(2,14),(3,14),(4,14),(5,14),(6,14),(7,14),(8,14),(9,14)
(12,13),(13,13),(14,13),(15,13),(0,14),(1,14),(2,14),(3,14),(4,14),(5,14),(6,14),(7,14),(8,14),(9,14)
(12,13),(13,13),(14,13),(15,13),(0,14),(1,14),(2,14),(3,14),(4,14),(5,14),(6,14),(7,14),(8,14),(9,14)
(12,13),(13,13),(14,13),(15,13),(0,14),(1,14),(2,14),(3,14),(4,14),(5,14),(6,14),(7,14),(8,14),(9,14)
(12,13),(13,13),(14,13),(15,13),(0,14),(1,14),(2,14),(3,14),(4,14),(5,14),(6,14),(7,14),(8,14),(9,14)
(12,13),(13,13),(14,13),(15,13),(0,14),(1,14),(2,14),(3,14),(4,14),(5,14),(6,14),(7,14),(8,14),(9,14)
(12,13),(13,13),(14,13),(15,13),(0,14),(1,14),(2,14),(3,14),(4,14),(5,14),(6,14),(7,14),(8,14),(9,14)
(12,13),(13,13),(14,13),(15,13),(0,14),(1,14),(2,14),(3,14),(4,14),(5,14),(6,14),(7,14),(8,14),(9,14)
(12,13),(13,13),(14,13),(15,13),(0,14),(1,14),(2,14),(3,14),(4,14),(5,14),(6,14),(7,14),(8,14),(9,14)
(4,14)
(4,14)
(10,13),(13,13),(4,14)
(5,14)
(5,14)
(9,13),(14,13),(5,14)
(6,14)
(6,14)
(8,13),(15,13),(6,14)
(7,14)
(7,14)
(7,13),(0,14),(7,14)
(8,14)
(8,14)
(6,13),(1,14),(8,14)
(9,14)
(9,14)
(5,13),(12,13),(9,14)
(4,13),(12,13)
(3,13),(13,13)
(2,13),(14,13)
(1,13),(15,13)
(0,13),(0,14)
(15,12),(1,14)
(8,13)
(13,11)
(13,11),(1,13),(8,13)
(7,13)
(12,11)
(12,11),(0,13),(7,13)
(6,13)
(11,11)
(11,11),(15,12),(6,13)
(10,13)
(10,11)
(10,11),(3,13),(10,13)
(9,13)
(9,11)
(9,11),(2,13),(9,13)
(5,13)
(8,11)
(8,11),(4,13),(5,13)
(9,11),(10,11),(11,11),(12,11),(13,11),(14,12),(4,13),(5,13),(4,39)
(10,11),(11,11),(12,11),(13,11),(14,12),(2,13),(4,13),(5,13),(9,13),(4,39)
(11,11),(12,11),(13,11),(14,12),(2,13),(3,13),(4,13),(5,13),(9,13),(10,13),(4,39)
(12,11),(13,11),(14,12),(15,12),(2,13),(3,13),(4,13),(5,13),(6,13),(9,13),(10,13),(4,39)
(13,11),(14,12),(15,12),(0,13),(2,13),(3,13),(4,13),(5,13),(6,13),(7,13),(9,13),(10,13),(4,39)
(14,12),(15,12),(0,13),(1,13),(2,13),(3,13),(4,13),(5,13),(6,13),(7,13),(8,13),(9,13),(10,13),(4,39)
(2,12),(2,14)
(11,13)
(14,12)
(2,12),(14,12),(11,13)
(3,12),(4,12),(5,12),(6,12),(7,12),(8,12),(9,12),(10,12),(11,12),(12,12),(13,12),(14,12),(11,13),(2,14)
(4,12),(5,12),(6,12),(7,12),(8,12),(9,12),(10,12),(11,12),(12,12),(13,12),(14,12),(15,12),(0,13),(1,13),(2,13),(3,13),(4,13),(5,13),(6,13),(7,13),(8,13),(9,13),(10,13),(11,13),(2,14)
(5,12),(6,12),(7,12),(8,12),(9,12),(10,12),(11,12),(12,12),(13,12),(14,12),(15,12),(0,13),(1,13),(2,13),(3,13),(4,13),(5,13),(6,13),(7,13),(8,13),(9,13),(10,13),(11,13),(2,14)
(6,12),(7,12),(8,12),(9,12),(10,12),(11,12),(12,12),(13,12),(14,12),(15,12),(0,13),(1,13),(2,13),(3,13),(4,13),(5,13),(6,13),(7,13),(8,13),(9,13),(10,13),(11,13),(2,14)
(7,12),(8,12),(9,12),(10,12),(11,12),(12,12),(13,12),(14,12),(15,12),(0,13),(1,13),(2,13),(3,13),(4,13),(5,13),(6,13),(7,13),(8,13),(9,13),(10,13),(11,13),(2,14)
(8,12),(9,12),(10,12),(11,12),(12,12),(13,12),(14,12),(15,12),(0,13),(1,13),(2,13),(3,13),(4,13),(5,13),(6,13),(7,13),(8,13),(9,13),(10,13),(11,13),(2,14)
(9,12),(10,12),(11,12),(12,12),(13,12),(14,12),(15,12),(0,13),(1,13),(2,13),(3,13),(4,13),(5,13),(6,13),(7,13),(8,13),(9,13),(10,13),(11,13),(2,14)
(10,12),(11,12),(12,12),(13,12),(14,12),(15,12),(0,13),(1,13),(2,13),(3,13),(4,13),(5,13),(6,13),(7,13),(8,13),(9,13),(10,13),(11,13),(2,14)
(11,12),(12,12),(13,12),(14,12),(15,12),(0,13),(1,13),(2,13),(3,13),(4,13),(5,13),(6,13),(7,13),(8,13),(9,13),(10,13),(11,13),(2,14)
(12,12),(13,12),(14,12),(15,12),(0,13),(1,13),(2,13),(3,13),(4,13),(5,13),(6,13),(7,13),(8,13),(9,13),(10,13),(11,13),(2,14)
(13,12),(14,12),(15,12),(0,13),(1,13),(2,13),(3,13),(4,13),(5,13),(6,13),(7,13),(8,13),(9,13),(10,13),(11,13),(2,14)
(14,12),(15,12),(0,13),(1,13),(2,13),(3,13),(4,13),(5,13),(6,13),(7,13),(8,13),(9,13),(10,13),(11,13),(2,14)
(15,12),(0,13),(1,13),(2,13),(3,13),(4,13),(5,13),(6,13),(7,13),(8,13),(9,13),(10,13),(11,13),(2,14),(4,39)
(0,13),(1,13),(2,13),(3,13),(4,13),(5,13),(6,13),(7,13),(8,13),(9,13),(10,13),(11,13),(1,14),(2,14),(4,39)
(1,13),(2,13),(3,13),(4,13),(5,13),(6,13),(7,13),(8,13),(9,13),(10,13),(11,13),(0,14),(1,14),(2,14),(4,39)
(2,13),(3,13),(4,13),(5,13),(6,13),(7,13),(8,13),(9,13),(10,13),(11,13),(15,13),(0,14),(1,14),(2,14),(4,39)
(3,13),(4,13),(5,13),(6,13),(7,13),(8,13),(9,13),(10,13),(11,13),(14,13),(15,13),(0,14),(1,14),(2,14),(4,39)
(4,13),(5,13),(6,13),(7,13),(8,13),(9,13),(10,13),(11,13),(13,13),(14,13),(15,13),(0,14),(1,14),(2,14),(4,39)
(5,13),(6,13),(7,13),(8,13),(9,13),(10,13),(11,13),(12,13),(13,13),(14,13),(15,13),(0,14),(1,14),(2,14),(4,39)
(6,13),(7,13),(8,13),(9,13),(10,13),(11,13),(12,13),(13,13),(14,13),(15,13),(0,14),(1,14),(2,14),(9,14),(3,39),(4,39)
(7,13),(8,13),(9,13),(10,13),(11,13),(12,13),(13,13),(14,13),(15,13),(0,14),(1,14),(2,14),(8,14),(9,14),(3,39),(4,39)
(8,13),(9,13),(10,13),(11,13),(12,13),(13,13),(14,13),(15,13),(0,14),(1,14),(2,14),(7,14),(8,14),(9,14),(3,39),(4,39)
(9,13),(10,13),(11,13),(12,13),(13,13),(14,13),(15,13),(0,14),(1,14),(2,14),(6,14),(7,14),(8,14),(9,14),(3,39),(4,39)
(10,13),(11,13),(12,13),(13,13),(14,13),(15,13),(0,14),(1,14),(2,14),(5,14),(6,14),(7,14),(8,14),(9,14),(3,39),(4,39)
(11,13),(12,13),(13,13),(14,13),(15,13),(0,14),(1,14),(2,14),(4,14),(5,14),(6,14),(7,14),(8,14),(9,14),(3,39),(4,39)
(12,13),(13,13),(14,13),(15,13),(0,14),(1,14),(2,14),(3,14),(4,14),(5,14),(6,14),(7,14),(8,14),(9,14),(3,39),(4,39)
(13,13),(14,13),(15,13),(0,14),(1,14),(2,14),(3,14),(4,14),(5,14),(6,14),(7,14),(8,14),(9,14),(15,14),(3,39),(4,39)
(14,13),(15,13),(0,14),(1,14),(2,14),(3,14),(4,14),(5,14),(6,14),(7,14),(8,14),(9,14),(14,14),(15,14),(3,39),(4,39)
(15,13),(0,14),(1,14),(2,14),(3,14),(4,14),(5,14),(6,14),(7,14),(8,14),(9,14),(13,14),(14,14),(15,14),(3,39),(4,39)
(0,14),(1,14),(2,14),(3,14),(4,14),(5,14),(6,14),(7,14),(8,14),(9,14),(12,14),(13,14),(14,14),(15,14),(3,39),(4,39)
(1,14),(2,14),(3,14),(4,14),(5,14),(6,14),(7,14),(8,14),(9,14),(11,14),(12,14),(13,14),(14,14),(15,14),(3,39),(4,39)
(2,14),(3,14),(4,14),(5,14),(6,14),(7,14),(8,14),(9,14),(11,14),(12,14),(13,14),(14,14),(15,14),(3,39),(4,39),(11,39)
(3,14),(4,14),(5,14),(6,14),(7,14),(8,14),(9,14),(10,14),(11,14),(12,14),(13,14),(14,14),(15,14),(3,39),(4,39),(11,39)
(4,14),(5,14),(6,14),(7,14),(8,14),(9,14),(10,14),(11,14),(12,14),(13,14),(14,14),(15,14),(14,38),(2,39),(3,39),(4,39),(11,39)
(5,14),(6,14),(7,14),(8,14),(9,14),(10,14),(11,14),(12,14),(13,14),(14,14),(15,14),(12,38),(14,38),(2,39),(3,39),(4,39),(11,39)
(6,14),(7,14),(8,14),(9,14),(10,14),(11,14),(12,14),(13,14),(14,14),(15,14),(12,38),(13,38),(14,38),(2,39),(3,39),(4,39),(11,39)
(7,14),(8,14),(9,14),(10,14),(11,14),(12,14),(13,14),(14,14),(15,14),(12,38),(13,38),(14,38),(15,38),(2,39),(3,39),(4,39),(11,39)
(8,14),(9,14),(10,14),(11,14),(12,14),(13,14),(14,14),(15,14),(12,38),(13,38),(14,38),(15,38),(0,39),(2,39),(3,39),(4,39),(11,39)
(9,14),(10,14),(11,14),(12,14),(13,14),(14,14),(15,14),(12,38),(13,38),(14,38),(15,38),(0,39),(1,39),(2,39),(3,39),(4,39),(11,39)
(10,14),(11,14),(12,14),(13,14),(14,14),(15,14),(11,38),(12,38),(13,38),(14,38),(15,38),(0,39),(1,39),(2,39),(3,39),(4,39),(11,39)
(11,14),(12,14),(13,14),(14,14),(15,14),(11,38),(12,38),(13,38),(14,38),(15,38),(0,39),(1,39),(2,39),(3,39),(4,39),(8,39),(11,39)
(12,14),(13,14),(14,14),(15,14),(11,38),(12,38),(13,38),(14,38),(15,38),(0,39),(1,39),(2,39),(3,39),(4,39),(8,39),(10,39),(11,39)
(13,14),(14,14),(15,14),(11,38),(12,38),(13,38),(14,38),(15,38),(0,39),(1,39),(2,39),(3,39),(4,39),(8,39),(9,39),(10,39),(11,39)
(14,14),(15,14),(11,38),(12,38),(13,38),(14,38),(15,38),(0,39),(1,39),(2,39),(3,39),(4,39),(7,39),(8,39),(9,39),(10,39),(11,39)
(15,14),(11,38),(12,38),(13,38),(14,38),(15,38),(0,39),(1,39),(2,39),(3,39),(4,39),(6,39),(7,39),(8,39),(9,39),(10,39),(11,39)
(11,38),(12,38),(13,38),(14,38),(15,38),(0,39),(1,39),(2,39),(3,39),(4,39),(5,39),(6,39),(7,39),(8,39),(9,39),(10,39),(11,39)
(7,38)
(7,38)
(7,38),(11,38),(5,39)
(8,38)
(8,38)
(8,38),(12,38),(6,39)
(9,38)
(9,38)
(9,38),(14,38),(8,39)
(10,38)
(10,38)
(10,38),(0,39),(10,39)
(0,38)
(0,38)
(0,38),(13,38),(7,39)
(12,37)
(12,37)
(11,17),(12,37),(15,37)
(11,17)
(11,17)
(11,17),(15,38),(9,39)
(15,37),(9,39)
(13,37)
(13,37)
(10,17),(13,37),(14,37)
(10,17)
(10,17)
(9,17),(10,17),(1,39)
(9,17),(14,37)
(9,17),(11,39)
(9,17),(10,17),(11,17),(0,38),(7,38),(8,38),(9,38),(10,38),(5,39),(6,39),(7,39),(8,39),(9,39),(10,39)
(9,17),(10,17),(11,17),(0,38),(7,38),(8,38),(9,38),(10,38),(5,39),(6,39),(7,39),(8,39),(9,39),(10,39)
(9,17),(10,17),(11,17),(0,38),(7,38),(8,38),(9,38),(10,38),(5,39),(6,39),(7,39),(8,39),(9,39),(10,39)
(9,17),(10,17),(11,17),(0,38),(7,38),(8,38),(9,38),(10,38),(5,39),(6,39),(7,39),(8,39),(9,39),(10,39)
(9,17),(10,17),(11,17),(0,38),(7,38),(8,38),(9,38),(10,38),(5,39),(6,39),(7,39),(8,39),(9,39),(10,39)
(9,17),(10,17),(11,17),(0,38),(7,38),(8,38),(9,38),(10,38),(5,39),(6,39),(7,39),(8,39),(9,39),(10,39)
(9,17),(10,17),(11,17),(0,38),(7,38),(8,38),(9,38),(10,38),(5,39),(6,39),(7,39),(8,39),(9,39),(10,39)
(9,17),(10,17),(11,17),(0,38),(7,38),(8,38),(9,38),(10,38),(5,39),(6,39),(7,39),(8,39),(9,39),(10,39)
(9,17),(10,17),(11,17),(0,38),(7,38),(8,38),(9,38),(10,38),(5,39),(6,39),(7,39),(8,39),(9,39),(10,39)
(9,17),(10,17),(11,17),(0,38),(7,38),(8,38),(9,38),(10,38),(5,39),(6,39),(7,39),(8,39),(9,39),(10,39)
(9,17),(10,17),(11,17),(0,38),(7,38),(8,38),(9,38),(10,38),(5,39),(6,39),(7,39),(8,39),(9,39),(10,39)
(10,17),(11,17),(14,37),(0,38),(7,38),(8,38),(9,38),(10,38),(1,39),(5,39),(6,39),(7,39),(8,39),(9,39),(10,39),(11,39)
(11,17),(13,37),(14,37),(0,38),(7,38),(8,38),(9,38),(10,38),(1,39),(5,39),(6,39),(7,39),(8,39),(9,39),(10,39),(11,39),(12,39)
(12,37),(13,37),(14,37),(15,37),(0,38),(7,38),(8,38),(9,38),(10,38),(15,38),(1,39),(5,39),(6,39),(7,39),(8,39),(9,39),(10,39),(11,39),(12,39)
(11,37),(7,39)
(10,37)
(10,37)
(10,37),(11,37),(0,38)
(9,37),(5,39)
(8,37)
(8,37)
(8,37),(9,37),(7,38)
(7,37),(6,39)
(6,37)
(6,37)
(6,37),(7,37),(8,38)
(5,37)
(5,37)
(6,20),(3,37),(5,37)
(6,20)
(6,20)
(5,20),(6,20),(9,38)
(5,20),(3,37)
(5,20),(8,39)
(2,37)
(2,37)
(4,20),(2,37),(4,37)
(4,20)
(4,20)
(3,20),(4,20),(10,38)
(3,20),(4,37)
(3,20),(10,39)
(3,20),(4,20),(5,20),(6,20),(6,37),(7,37),(8,37),(9,37),(10,37),(11,37),(12,37),(13,37),(14,37),(15,37)
(3,20),(4,20),(5,20),(6,20),(6,37),(7,37),(8,37),(9,37),(10,37),(11,37),(12,37),(13,37),(14,37),(15,37)
(3,20),(4,20),(5,20),(6,20),(6,37),(7,37),(8,37),(9,37),(10,37),(11,37),(12,37),(13,37),(14,37),(15,37)
(3,20),(4,20),(5,20),(6,20),(6,37),(7,37),(8,37),(9,37),(10,37),(11,37),(12,37),(13,37),(14,37),(15,37)
(3,20),(4,20),(5,20),(6,20),(6,37),(7,37),(8,37),(9,37),(10,37),(11,37),(12,37),(13,37),(14,37),(15,37)
(3,20),(4,20),(5,20),(6,20),(6,37),(7,37),(8,37),(9,37),(10,37),(11,37),(12,37),(13,37),(14,37),(15,37)
(3,20),(4,20),(5,20),(6,20),(6,37),(7,37),(8,37),(9,37),(10,37),(11,37),(12,37),(13,37),(14,37),(15,37)
(3,20),(4,20),(5,20),(6,20),(6,37),(7,37),(8,37),(9,37),(10,37),(11,37),(12,37),(13,37),(14,37),(15,37)
(3,20),(4,20),(5,20),(6,20),(6,37),(7,37),(8,37),(9,37),(10,37),(11,37),(12,37),(13,37),(14,37),(15,37)
(3,20),(4,20),(5,20),(6,20),(6,37),(7,37),(8,37),(9,37),(10,37),(11,37),(12,37),(13,37),(14,37),(15,37)
(3,20),(4,20),(5,20),(6,20),(6,37),(7,37),(8,37),(9,37),(10,37),(11,37),(12,37),(13,37),(14,37),(15,37)
(4,20),(5,20),(6,20),(4,37),(6,37),(7,37),(8,37),(9,37),(10,37),(11,37),(12,37),(13,37),(14,37),(15,37),(10,38),(10,39)
(5,20),(6,20),(2,37),(4,37),(6,37),(7,37),(8,37),(9,37),(10,37),(11,37),(12,37),(13,37),(14,37),(15,37),(6,38),(10,38),(10,39)
(6,20),(2,37),(3,37),(4,37),(6,37),(7,37),(8,37),(9,37),(10,37),(11,37),(12,37),(13,37),(14,37),(15,37),(6,38),(9,38),(10,38),(8,39),(10,39)
(2,37),(3,37),(4,37),(5,37),(6,37),(7,37),(8,37),(9,37),(10,37),(11,37),(12,37),(13,37),(14,37),(15,37),(6,38),(9,38),(10,38),(8,39),(10,39)
(1,37),(7,37)
(0,37)
(0,37)
(0,37),(1,37),(6,37)
(15,36),(9,37)
(14,36)
(14,36)
(14,36),(15,36),(8,37)
(13,36),(11,37)
(12,36)
(12,36)
(12,36),(13,36),(10,37)
(8,34),(13,36)
(7,34)
(7,34)
(7,34),(8,34),(12,36)
(6,34),(15,36)
(5,34)
(5,34)
(5,34),(6,34),(14,36)
(4,34),(1,37)
(3,34)
(3,34)
(3,34),(4,34),(0,37)
(15,31),(4,34)
(14,31)
(14,31)
(14,31),(15,31),(3,34)
(13,31),(6,34)
(12,31)
(12,31)
(12,31),(13,31),(5,34)
(11,31),(8,34)
(10,31)
(10,31)
(10,31),(11,31),(7,34)
(6,29),(11,31)
(5,29)
(5,29)
(5,29),(6,29),(10,31)
(4,29),(2,34)
(3,29)
(3,29)
(3,29),(4,29),(15,33)
(2,29),(1,34)
(1,29)
(1,29)
(1,29),(2,29),(0,34)
(0,29),(13,31)
(15,28)
(15,28)
(15,28),(0,29),(12,31)
(14,28)
(14,28)
(13,28),(14,28),(14,31)
(13,28),(15,31)
(5,24)
(5,24),(0,29)
(13,27)
(13,27)
(13,27)
(5,24),(13,27),(15,28)
(13,27),(2,28),(3,28),(4,28),(5,28),(6,28),(7,28),(8,28),(9,28),(10,28),(11,28),(12,28),(15,28),(0,29)
(12,24)
(12,24),(13,28)
(14,27)
(14,27)
(14,27)
(12,24),(14,27),(14,28)
(14,27),(2,28),(3,28),(4,28),(5,28),(6,28),(7,28),(8,28),(9,28),(10,28),(11,28),(12,28),(13,28),(14,28)
(3,25)
(3,25),(6,29)
(15,27)
(15,27)
(15,27)
(3,25),(15,27),(5,29)
(15,27),(2,28),(3,28),(4,28),(5,28),(6,28),(7,28),(8,28),(9,28),(10,28),(11,28),(12,28),(5,29),(6,29)
(10,25)
(10,25),(4,29)
(0,28)
(0,28)
(0,28)
(10,25),(0,28),(3,29)
(0,28),(2,28),(3,28),(4,28),(5,28),(6,28),(7,28),(8,28),(9,28),(10,28),(11,28),(12,28),(3,29),(4,29)
(1,26)
(1,26),(2,29)
(1,28)
(1,28)
(1,28)
(1,26),(1,28),(1,29)
(1,28),(2,28),(3,28),(4,28),(5,28),(6,28),(7,28),(8,28),(9,28),(10,28),(11,28),(12,28),(1,29),(2,29)
(13,28),(14,28),(15,28),(0,29),(1,29),(2,29),(3,29),(4,29),(5,29),(6,29),(6,31),(7,31),(8,31),(9,31)
(13,28),(14,28),(15,28),(0,29),(1,29),(2,29),(3,29),(4,29),(5,29),(6,29),(6,31),(7,31),(8,31),(9,31)
(13,28),(14,28),(15,28),(0,29),(1,29),(2,29),(3,29),(4,29),(5,29),(6,29),(6,31),(7,31),(8,31),(9,31)
(13,28),(14,28),(15,28),(0,29),(1,29),(2,29),(3,29),(4,29),(5,29),(6,29),(6,31),(7,31),(8,31),(9,31)
(13,28),(14,28),(15,28),(0,29),(1,29),(2,29),(3,29),(4,29),(5,29),(6,29),(6,31),(7,31),(8,31),(9,31)
(13,28),(14,28),(15,28),(0,29),(1,29),(2,29),(3,29),(4,29),(5,29),(6,29),(6,31),(7,31),(8,31),(9,31)
(13,28),(14,28),(15,28),(0,29),(1,29),(2,29),(3,29),(4,29),(5,29),(6,29),(6,31),(7,31),(8,31),(9,31)
(13,28),(14,28),(15,28),(0,29),(1,29),(2,29),(3,29),(4,29),(5,29),(6,29),(6,31),(7,31),(8,31),(9,31)
(13,28),(14,28),(15,28),(0,29),(1,29),(2,29),(3,29),(4,29),(5,29),(6,29),(6,31),(7,31),(8,31),(9,31)
(13,28),(14,28),(15,28),(0,29),(1,29),(2,29),(3,29),(4,29),(5,29),(6,29),(6,31),(7,31),(8,31),(9,31)
(13,28),(14,28),(15,28),(0,29),(1,29),(2,29),(3,29),(4,29),(5,29),(6,29),(6,31),(7,31),(8,31),(9,31)
(3,27)
(3,27),(9,31)
(12,27)
(12,27)
(12,27)
(3,27),(12,27),(6,31)
(12,27),(2,28),(3,28),(4,28),(5,28),(6,28),(7,28),(8,28),(9,28),(10,28),(11,28),(12,28),(6,31),(9,31)
(10,27)
(10,27),(8,31)
(11,27)
(11,27)
(11,27)
(10,27),(11,27),(7,31)
(11,27),(2,28),(3,28),(4,28),(5,28),(6,28),(7,28),(8,28),(9,28),(10,28),(11,28),(12,28),(7,31),(8,31)
(12,27),(13,27),(14,27),(15,27),(0,28),(1,28),(2,28),(3,28),(4,28),(5,28),(6,28),(7,28),(8,28),(9,28),(10,28),(11,28),(12,28),(7,31),(8,31),(1,38)
(13,27),(14,27),(15,27),(0,28),(1,28),(2,28),(3,28),(4,28),(5,28),(6,28),(7,28),(8,28),(9,28),(10,28),(11,28),(12,28),(6,31),(7,31),(8,31),(9,31),(1,38)
(14,27),(15,27),(0,28),(1,28),(2,28),(3,28),(4,28),(5,28),(6,28),(7,28),(8,28),(9,28),(10,28),(11,28),(12,28),(15,28),(0,29),(6,31),(7,31),(8,31),(9,31),(1,38)
(15,27),(0,28),(1,28),(2,28),(3,28),(4,28),(5,28),(6,28),(7,28),(8,28),(9,28),(10,28),(11,28),(12,28),(13,28),(14,28),(15,28),(0,29),(6,31),(7,31),(8,31),(9,31),(1,38)
(0,28),(1,28),(2,28),(3,28),(4,28),(5,28),(6,28),(7,28),(8,28),(9,28),(10,28),(11,28),(12,28),(13,28),(14,28),(15,28),(0,29),(5,29),(6,29),(6,31),(7,31),(8,31),(9,31),(1,38)
(1,28),(2,28),(3,28),(4,28),(5,28),(6,28),(7,28),(8,28),(9,28),(10,28),(11,28),(12,28),(13,28),(14,28),(15,28),(0,29),(3,29),(4,29),(5,29),(6,29),(6,31),(7,31),(8,31),(9,31),(1,38)
(2,28),(3,28),(4,28),(5,28),(6,28),(7,28),(8,28),(9,28),(10,28),(11,28),(12,28),(13,28),(14,28),(15,28),(0,29),(1,29),(2,29),(3,29),(4,29),(5,29),(6,29),(6,31),(7,31),(8,31),(9,31),(1,38)
(3,28),(4,28),(5,28),(6,28),(7,28),(8,28),(9,28),(10,28),(11,28),(12,28),(13,28),(14,28),(15,28),(0,29),(1,29),(2,29),(3,29),(4,29),(5,29),(6,29),(6,31),(7,31),(8,31),(9,31),(1,38)
(4,28),(5,28),(6,28),(7,28),(8,28),(9,28),(10,28),(11,28),(12,28),(13,28),(14,28),(15,28),(0,29),(1,29),(2,29),(3,29),(4,29),(5,29),(6,29),(6,31),(7,31),(8,31),(9,31),(1,38)
(5,28),(6,28),(7,28),(8,28),(9,28),(10,28),(11,28),(12,28),(13,28),(14,28),(15,28),(0,29),(1,29),(2,29),(3,29),(4,29),(5,29),(6,29),(6,31),(7,31),(8,31),(9,31),(1,38)
(6,28),(7,28),(8,28),(9,28),(10,28),(11,28),(12,28),(13,28),(14,28),(15,28),(0,29),(1,29),(2,29),(3,29),(4,29),(5,29),(6,29),(6,31),(7,31),(8,31),(9,31),(1,38)
(7,28),(8,28),(9,28),(10,28),(11,28),(12,28),(13,28),(14,28),(15,28),(0,29),(1,29),(2,29),(3,29),(4,29),(5,29),(6,29),(6,31),(7,31),(8,31),(9,31),(1,38)
(8,28),(9,28),(10,28),(11,28),(12,28),(13,28),(14,28),(15,28),(0,29),(1,29),(2,29),(3,29),(4,29),(5,29),(6,29),(6,31),(7,31),(8,31),(9,31),(1,38)
(9,28),(10,28),(11,28),(12,28),(13,28),(14,28),(15,28),(0,29),(1,29),(2,29),(3,29),(4,29),(5,29),(6,29),(6,31),(7,31),(8,31),(9,31),(1,38)
(10,28),(11,28),(12,28),(13,28),(14,28),(15,28),(0,29),(1,29),(2,29),(3,29),(4,29),(5,29),(6,29),(6,31),(7,31),(8,31),(9,31),(1,38)
(11,28),(12,28),(13,28),(14,28),(15,28),(0,29),(1,29),(2,29),(3,29),(4,29),(5,29),(6,29),(6,31),(7,31),(8,31),(9,31),(1,38)
(12,28),(13,28),(14,28),(15,28),(0,29),(1,29),(2,29),(3,29),(4,29),(5,29),(6,29),(6,31),(7,31),(8,31),(9,31),(1,38)
(13,28),(14,28),(15,28),(0,29),(1,29),(2,29),(3,29),(4,29),(5,29),(6,29),(6,31),(7,31),(8,31),(9,31),(1,38)
(14,28),(15,28),(0,29),(1,29),(2,29),(3,29),(4,29),(5,29),(6,29),(6,31),(7,31),(8,31),(9,31),(14,31),(15,31),(1,38)
(15,28),(0,29),(1,29),(2,29),(3,29),(4,29),(5,29),(6,29),(6,31),(7,31),(8,31),(9,31),(14,31),(15,31),(1,38),(2,38)
(0,29),(1,29),(2,29),(3,29),(4,29),(5,29),(6,29),(6,31),(7,31),(8,31),(9,31),(12,31),(14,31),(15,31),(1,38),(2,38)
(1,29),(2,29),(3,29),(4,29),(5,29),(6,29),(6,31),(7,31),(8,31),(9,31),(12,31),(13,31),(14,31),(15,31),(1,38),(2,38)
(2,29),(3,29),(4,29),(5,29),(6,29),(6,31),(7,31),(8,31),(9,31),(12,31),(13,31),(14,31),(15,31),(0,34),(1,38),(2,38)
(3,29),(4,29),(5,29),(6,29),(6,31),(7,31),(8,31),(9,31),(12,31),(13,31),(14,31),(15,31),(0,34),(1,34),(1,38),(2,38)
(4,29),(5,29),(6,29),(6,31),(7,31),(8,31),(9,31),(12,31),(13,31),(14,31),(15,31),(15,33),(0,34),(1,34),(1,38),(2,38)
(5,29),(6,29),(6,31),(7,31),(8,31),(9,31),(12,31),(13,31),(14,31),(15,31),(15,33),(0,34),(1,34),(2,34),(1,38),(2,38)
(6,29),(6,31),(7,31),(8,31),(9,31),(10,31),(12,31),(13,31),(14,31),(15,31),(15,33),(0,34),(1,34),(2,34),(1,38),(2,38)
(6,31),(7,31),(8,31),(9,31),(10,31),(11,31),(12,31),(13,31),(14,31),(15,31),(15,33),(0,34),(1,34),(2,34),(1,38),(2,38)
(6,31)
(6,31)
(5,31),(6,31),(9,31)
(5,31)
(5,31)
(4,31),(5,31),(11,36)
(4,31),(9,31)
(4,31),(9,36)
(7,31)
(7,31)
(3,31),(7,31),(8,31)
(3,31)
(3,31)
(2,31),(3,31),(8,36)
(2,31),(8,31)
(2,31),(10,36)
(2,31),(3,31),(4,31),(5,31),(10,31),(11,31),(12,31),(13,31),(14,31),(15,31),(15,33),(0,34),(1,34),(2,34)
(2,31),(3,31),(4,31),(5,31),(10,31),(11,31),(12,31),(13,31),(14,31),(15,31),(15,33),(0,34),(1,34),(2,34)
(2,31),(3,31),(4,31),(5,31),(10,31),(11,31),(12,31),(13,31),(14,31),(15,31),(15,33),(0,34),(1,34),(2,34)
(2,31),(3,31),(4,31),(5,31),(10,31),(11,31),(12,31),(13,31),(14,31),(15,31),(15,33),(0,34),(1,34),(2,34)
(2,31),(3,31),(4,31),(5,31),(10,31),(11,31),(12,31),(13,31),(14,31),(15,31),(15,33),(0,34),(1,34),(2,34)
(2,31),(3,31),(4,31),(5,31),(10,31),(11,31),(12,31),(13,31),(14,31),(15,31),(15,33),(0,34),(1,34),(2,34)
(2,31),(3,31),(4,31),(5,31),(10,31),(11,31),(12,31),(13,31),(14,31),(15,31),(15,33),(0,34),(1,34),(2,34)
(2,31),(3,31),(4,31),(5,31),(10,31),(11,31),(12,31),(13,31),(14,31),(15,31),(15,33),(0,34),(1,34),(2,34)
(2,31),(3,31),(4,31),(5,31),(10,31),(11,31),(12,31),(13,31),(14,31),(15,31),(15,33),(0,34),(1,34),(2,34)
(2,31),(3,31),(4,31),(5,31),(10,31),(11,31),(12,31),(13,31),(14,31),(15,31),(15,33),(0,34),(1,34),(2,34)
(2,31),(3,31),(4,31),(5,31),(10,31),(11,31),(12,31),(13,31),(14,31),(15,31),(15,33),(0,34),(1,34),(2,34)
(3,31),(4,31),(5,31),(8,31),(10,31),(11,31),(12,31),(13,31),(14,31),(15,31),(15,33),(0,34),(1,34),(2,34),(8,36),(10,36)
(4,31),(5,31),(7,31),(8,31),(10,31),(11,31),(12,31),(13,31),(14,31),(15,31),(15,33),(0,34),(1,34),(2,34),(8,36),(10,36),(3,38)
(5,31),(7,31),(8,31),(9,31),(10,31),(11,31),(12,31),(13,31),(14,31),(15,31),(15,33),(0,34),(1,34),(2,34),(8,36),(9,36),(10,36),(11,36),(3,38)
(6,31),(7,31),(8,31),(9,31),(10,31),(11,31),(12,31),(13,31),(14,31),(15,31),(15,33),(0,34),(1,34),(2,34),(8,36),(9,36),(10,36),(11,36),(3,38)
(7,31),(8,31),(9,31),(10,31),(11,31),(12,31),(13,31),(14,31),(15,31),(15,33),(0,34),(1,34),(2,34),(8,36),(9,36),(10,36),(11,36),(1,38),(2,38),(3,38)
(8,31),(9,31),(10,31),(11,31),(12,31),(13,31),(14,31),(15,31),(15,33),(0,34),(1,34),(2,34),(8,36),(9,36),(10,36),(11,36),(1,38),(2,38),(3,38)
(9,31),(10,31),(11,31),(12,31),(13,31),(14,31),(15,31),(15,33),(0,34),(1,34),(2,34),(8,36),(9,36),(10,36),(11,36),(1,38),(2,38),(3,38)
(10,31),(11,31),(12,31),(13,31),(14,31),(15,31),(15,33),(0,34),(1,34),(2,34),(8,36),(9,36),(10,36),(11,36),(1,38),(2,38),(3,38)
(11,31),(12,31),(13,31),(14,31),(15,31),(15,33),(0,34),(1,34),(2,34),(7,34),(8,36),(9,36),(10,36),(11,36),(1,38),(2,38),(3,38)
(12,31),(13,31),(14,31),(15,31),(15,33),(0,34),(1,34),(2,34),(7,34),(8,34),(8,36),(9,36),(10,36),(11,36),(1,38),(2,38),(3,38)
(13,31),(14,31),(15,31),(15,33),(0,34),(1,34),(2,34),(5,34),(7,34),(8,34),(8,36),(9,36),(10,36),(11,36),(1,38),(2,38),(3,38)
(14,31),(15,31),(15,33),(0,34),(1,34),(2,34),(5,34),(6,34),(7,34),(8,34),(8,36),(9,36),(10,36),(11,36),(1,38),(2,38),(3,38)
(15,31),(15,33),(0,34),(1,34),(2,34),(3,34),(5,34),(6,34),(7,34),(8,34),(8,36),(9,36),(10,36),(11,36),(1,38),(2,38),(3,38)
(15,33),(0,34),(1,34),(2,34),(3,34),(4,34),(5,34),(6,34),(7,34),(8,34),(8,36),(9,36),(10,36),(11,36),(1,38),(2,38),(3,38)
(15,33)
(15,33)
(14,33),(15,33),(2,34)
(14,33)
(14,33)
(13,33),(14,33),(5,37)
(13,33),(2,34)
(13,33),(3,37)
(0,34)
(0,34)
(12,33),(0,34),(1,34)
(12,33)
(12,33)
(11,33),(12,33),(2,37)
(11,33),(1,34)
(11,33),(4,37)
(11,33),(12,33),(13,33),(14,33),(3,34),(4,34),(5,34),(6,34),(7,34),(8,34),(8,36),(9,36),(10,36),(11,36)
(11,33),(12,33),(13,33),(14,33),(3,34),(4,34),(5,34),(6,34),(7,34),(8,34),(8,36),(9,36),(10,36),(11,36)
(11,33),(12,33),(13,33),(14,33),(3,34),(4,34),(5,34),(6,34),(7,34),(8,34),(8,36),(9,36),(10,36),(11,36)
(11,33),(12,33),(13,33),(14,33),(3,34),(4,34),(5,34),(6,34),(7,34),(8,34),(8,36),(9,36),(10,36),(11,36)
(11,33),(12,33),(13,33),(14,33),(3,34),(4,34),(5,34),(6,34),(7,34),(8,34),(8,36),(9,36),(10,36),(11,36)
(11,33),(12,33),(13,33),(14,33),(3,34),(4,34),(5,34),(6,34),(7,34),(8,34),(8,36),(9,36),(10,36),(11,36)
(11,33),(12,33),(13,33),(14,33),(3,34),(4,34),(5,34),(6,34),(7,34),(8,34),(8,36),(9,36),(10,36),(11,36)
(11,33),(12,33),(13,33),(14,33),(3,34),(4,34),(5,34),(6,34),(7,34),(8,34),(8,36),(9,36),(10,36),(11,36)
(11,33),(12,33),(13,33),(14,33),(3,34),(4,34),(5,34),(6,34),(7,34),(8,34),(8,36),(9,36),(10,36),(11,36)
(11,33),(12,33),(13,33),(14,33),(3,34),(4,34),(5,34),(6,34),(7,34),(8,34),(8,36),(9,36),(10,36),(11,36)
(11,33),(12,33),(13,33),(14,33),(3,34),(4,34),(5,34),(6,34),(7,34),(8,34),(8,36),(9,36),(10,36),(11,36)
(12,33),(13,33),(14,33),(1,34),(3,34),(4,34),(5,34),(6,34),(7,34),(8,34),(8,36),(9,36),(10,36),(11,36),(2,37),(4,37)
(13,33),(14,33),(0,34),(1,34),(3,34),(4,34),(5,34),(6,34),(7,34),(8,34),(8,36),(9,36),(10,36),(11,36),(2,37),(4,37),(4,38)
(14,33),(0,34),(1,34),(2,34),(3,34),(4,34),(5,34),(6,34),(7,34),(8,34),(8,36),(9,36),(10,36),(11,36),(2,37),(3,37),(4,37),(5,37),(4,38)
(15,33),(0,34),(1,34),(2,34),(3,34),(4,34),(5,34),(6,34),(7,34),(8,34),(8,36),(9,36),(10,36),(11,36),(2,37),(3,37),(4,37),(5,37),(4,38)
(0,34),(1,34),(2,34),(3,34),(4,34),(5,34),(6,34),(7,34),(8,34),(8,36),(9,36),(10,36),(11,36),(2,37),(3,37),(4,37),(5,37),(1,38),(2,38),(3,38),(4,38)
(1,34),(2,34),(3,34),(4,34),(5,34),(6,34),(7,34),(8,34),(8,36),(9,36),(10,36),(11,36),(2,37),(3,37),(4,37),(5,37),(1,38),(2,38),(3,38),(4,38)
(2,34),(3,34),(4,34),(5,34),(6,34),(7,34),(8,34),(8,36),(9,36),(10,36),(11,36),(2,37),(3,37),(4,37),(5,37),(1,38),(2,38),(3,38),(4,38)
(3,34),(4,34),(5,34),(6,34),(7,34),(8,34),(8,36),(9,36),(10,36),(11,36),(2,37),(3,37),(4,37),(5,37),(1,38),(2,38),(3,38),(4,38)
(4,34),(5,34),(6,34),(7,34),(8,34),(8,36),(9,36),(10,36),(11,36),(0,37),(2,37),(3,37),(4,37),(5,37),(1,38),(2,38),(3,38),(4,38)
(5,34),(6,34),(7,34),(8,34),(8,36),(9,36),(10,36),(11,36),(0,37),(1,37),(2,37),(3,37),(4,37),(5,37),(1,38),(2,38),(3,38),(4,38)
(6,34),(7,34),(8,34),(8,36),(9,36),(10,36),(11,36),(14,36),(0,37),(1,37),(2,37),(3,37),(4,37),(5,37),(1,38),(2,38),(3,38),(4,38)
(7,34),(8,34),(8,36),(9,36),(10,36),(11,36),(14,36),(15,36),(0,37),(1,37),(2,37),(3,37),(4,37),(5,37),(1,38),(2,38),(3,38),(4,38)
(8,34),(8,36),(9,36),(10,36),(11,36),(12,36),(14,36),(15,36),(0,37),(1,37),(2,37),(3,37),(4,37),(5,37),(1,38),(2,38),(3,38),(4,38)
(8,36),(9,36),(10,36),(11,36),(12,36),(13,36),(14,36),(15,36),(0,37),(1,37),(2,37),(3,37),(4,37),(5,37),(1,38),(2,38),(3,38),(4,38)
(11,36)
(11,36)
(7,36),(9,36),(11,36)
(7,36)
(7,36)
(6,36),(7,36),(12,37)
(6,36),(9,36)
(6,36),(15,37)
(8,36)
(8,36)
(5,36),(8,36),(10,36)
(5,36)
(5,36)
(4,36),(5,36),(13,37)
(4,36),(10,36)
(4,36),(14,37)
(4,36),(5,36),(6,36),(7,36),(12,36),(13,36),(14,36),(15,36),(0,37),(1,37),(2,37),(3,37),(4,37),(5,37)
(4,36),(5,36),(6,36),(7,36),(12,36),(13,36),(14,36),(15,36),(0,37),(1,37),(2,37),(3,37),(4,37),(5,37)
(4,36),(5,36),(6,36),(7,36),(12,36),(13,36),(14,36),(15,36),(0,37),(1,37),(2,37),(3,37),(4,37),(5,37)
(4,36),(5,36),(6,36),(7,36),(12,36),(13,36),(14,36),(15,36),(0,37),(1,37),(2,37),(3,37),(4,37),(5,37)
(4,36),(5,36),(6,36),(7,36),(12,36),(13,36),(14,36),(15,36),(0,37),(1,37),(2,37),(3,37),(4,37),(5,37)
(4,36),(5,36),(6,36),(7,36),(12,36),(13,36),(14,36),(15,36),(0,37),(1,37),(2,37),(3,37),(4,37),(5,37)
(4,36),(5,36),(6,36),(7,36),(12,36),(13,36),(14,36),(15,36),(0,37),(1,37),(2,37),(3,37),(4,37),(5,37)
(4,36),(5,36),(6,36),(7,36),(12,36),(13,36),(14,36),(15,36),(0,37),(1,37),(2,37),(3,37),(4,37),(5,37)
(4,36),(5,36),(6,36),(7,36),(12,36),(13,36),(14,36),(15,36),(0,37),(1,37),(2,37),(3,37),(4,37),(5,37)
(4,36),(5,36),(6,36),(7,36),(12,36),(13,36),(14,36),(15,36),(0,37),(1,37),(2,37),(3,37),(4,37),(5,37)
(4,36),(5,36),(6,36),(7,36),(12,36),(13,36),(14,36),(15,36),(0,37),(1,37),(2,37),(3,37),(4,37),(5,37)
(5,36),(6,36),(7,36),(10,36),(12,36),(13,36),(14,36),(15,36),(0,37),(1,37),(2,37),(3,37),(4,37),(5,37),(13,37),(14,37)
(6,36),(7,36),(8,36),(10,36),(12,36),(13,36),(14,36),(15,36),(0,37),(1,37),(2,37),(3,37),(4,37),(5,37),(13,37),(14,37),(5,38)
(7,36),(8,36),(9,36),(10,36),(12,36),(13,36),(14,36),(15,36),(0,37),(1,37),(2,37),(3,37),(4,37),(5,37),(12,37),(13,37),(14,37),(15,37),(5,38)
(8,36),(9,36),(10,36),(11,36),(12,36),(13,36),(14,36),(15,36),(0,37),(1,37),(2,37),(3,37),(4,37),(5,37),(12,37),(13,37),(14,37),(15,37),(5,38)
(9,36),(10,36),(11,36),(12,36),(13,36),(14,36),(15,36),(0,37),(1,37),(2,37),(3,37),(4,37),(5,37),(12,37),(13,37),(14,37),(15,37),(1,38),(2,38),(3,38),(4,38),(5,38)
(10,36),(11,36),(12,36),(13,36),(14,36),(15,36),(0,37),(1,37),(2,37),(3,37),(4,37),(5,37),(12,37),(13,37),(14,37),(15,37),(1,38),(2,38),(3,38),(4,38),(5,38)
(11,36),(12,36),(13,36),(14,36),(15,36),(0,37),(1,37),(2,37),(3,37),(4,37),(5,37),(12,37),(13,37),(14,37),(15,37),(1,38),(2,38),(3,38),(4,38),(5,38)
(12,36),(13,36),(14,36),(15,36),(0,37),(1,37),(2,37),(3,37),(4,37),(5,37),(12,37),(13,37),(14,37),(15,37),(1,38),(2,38),(3,38),(4,38),(5,38)
(13,36),(14,36),(15,36),(0,37),(1,37),(2,37),(3,37),(4,37),(5,37),(10,37),(12,37),(13,37),(14,37),(15,37),(1,38),(2,38),(3,38),(4,38),(5,38)
(14,36),(15,36),(0,37),(1,37),(2,37),(3,37),(4,37),(5,37),(10,37),(11,37),(12,37),(13,37),(14,37),(15,37),(1,38),(2,38),(3,38),(4,38),(5,38)
(15,36),(0,37),(1,37),(2,37),(3,37),(4,37),(5,37),(8,37),(10,37),(11,37),(12,37),(13,37),(14,37),(15,37),(1,38),(2,38),(3,38),(4,38),(5,38)
(0,37),(1,37),(2,37),(3,37),(4,37),(5,37),(8,37),(9,37),(10,37),(11,37),(12,37),(13,37),(14,37),(15,37),(1,38),(2,38),(3,38),(4,38),(5,38)
(1,37),(2,37),(3,37),(4,37),(5,37),(6,37),(8,37),(9,37),(10,37),(11,37),(12,37),(13,37),(14,37),(15,37),(1,38),(2,38),(3,38),(4,38),(5,38)
(2,37),(3,37),(4,37),(5,37),(6,37),(7,37),(8,37),(9,37),(10,37),(11,37),(12,37),(13,37),(14,37),(15,37),(1,38),(2,38),(3,38),(4,38),(5,38)
(3,37),(4,37),(5,37),(6,37),(7,37),(8,37),(9,37),(10,37),(11,37),(12,37),(13,37),(14,37),(15,37),(1,38),(2,38),(3,38),(4,38),(5,38),(6,38),(9,38),(10,38),(8,39),(10,39)
(4,37),(5,37),(6,37),(7,37),(8,37),(9,37),(10,37),(11,37),(12,37),(13,37),(14,37),(15,37),(1,38),(2,38),(3,38),(4,38),(5,38),(6,38),(9,38),(10,38),(8,39),(10,39)
(5,37),(6,37),(7,37),(8,37),(9,37),(10,37),(11,37),(12,37),(13,37),(14,37),(15,37),(1,38),(2,38),(3,38),(4,38),(5,38),(6,38),(9,38),(10,38),(8,39),(10,39)
(6,37),(7,37),(8,37),(9,37),(10,37),(11,37),(12,37),(13,37),(14,37),(15,37),(1,38),(2,38),(3,38),(4,38),(5,38),(6,38),(9,38),(10,38),(8,39),(10,39)
(7,37),(8,37),(9,37),(10,37),(11,37),(12,37),(13,37),(14,37),(15,37),(1,38),(2,38),(3,38),(4,38),(5,38),(6,38),(8,38),(9,38),(10,38),(8,39),(10,39)
(8,37),(9,37),(10,37),(11,37),(12,37),(13,37),(14,37),(15,37),(1,38),(2,38),(3,38),(4,38),(5,38),(6,38),(8,38),(9,38),(10,38),(6,39),(8,39),(10,39)
(9,37),(10,37),(11,37),(12,37),(13,37),(14,37),(15,37),(1,38),(2,38),(3,38),(4,38),(5,38),(6,38),(7,38),(8,38),(9,38),(10,38),(6,39),(8,39),(10,39)
(10,37),(11,37),(12,37),(13,37),(14,37),(15,37),(1,38),(2,38),(3,38),(4,38),(5,38),(6,38),(7,38),(8,38),(9,38),(10,38),(5,39),(6,39),(8,39),(10,39)
(11,37),(12,37),(13,37),(14,37),(15,37),(0,38),(1,38),(2,38),(3,38),(4,38),(5,38),(6,38),(7,38),(8,38),(9,38),(10,38),(5,39),(6,39),(8,39),(10,39)
(12,37),(13,37),(14,37),(15,37),(0,38),(1,38),(2,38),(3,38),(4,38),(5,38),(6,38),(7,38),(8,38),(9,38),(10,38),(5,39),(6,39),(7,39),(8,39),(10,39)
(13,37),(14,37),(15,37),(0,38),(1,38),(2,38),(3,38),(4,38),(5,38),(6,38),(7,38),(8,38),(9,38),(10,38),(15,38),(1,39),(5,39),(6,39),(7,39),(8,39),(9,39),(10,39),(11,39),(12,39)
(14,37),(15,37),(0,38),(1,38),(2,38),(3,38),(4,38),(5,38),(6,38),(7,38),(8,38),(9,38),(10,38),(15,38),(1,39),(5,39),(6,39),(7,39),(8,39),(9,39),(10,39),(11,39),(12,39)
(15,37),(0,38),(1,38),(2,38),(3,38),(4,38),(5,38),(6,38),(7,38),(8,38),(9,38),(10,38),(15,38),(1,39),(5,39),(6,39),(7,39),(8,39),(9,39),(10,39),(11,39),(12,39)
(0,38),(1,38),(2,38),(3,38),(4,38),(5,38),(6,38),(7,38),(8,38),(9,38),(10,38),(15,38),(1,39),(5,39),(6,39),(7,39),(8,39),(9,39),(10,39),(11,39),(12,39)
(1,38),(2,38),(3,38),(4,38),(5,38),(6,38),(7,38),(8,38),(9,38),(10,38),(13,38),(15,38),(1,39),(5,39),(6,39),(7,39),(8,39),(9,39),(10,39),(11,39),(12,39)
(2,38),(3,38),(4,38),(5,38),(6,38),(7,38),(8,38),(9,38),(10,38),(11,38),(12,38),(13,38),(14,38),(15,38),(0,39),(1,39),(2,39),(3,39),(4,39),(5,39),(6,39),(7,39),(8,39),(9,39),(10,39),(11,39),(12,39)
(3,38),(4,38),(5,38),(6,38),(7,38),(8,38),(9,38),(10,38),(11,38),(12,38),(13,38),(14,38),(15,38),(0,39),(1,39),(2,39),(3,39),(4,39),(5,39),(6,39),(7,39),(8,39),(9,39),(10,39),(11,39),(12,39)
(4,38),(5,38),(6,38),(7,38),(8,38),(9,38),(10,38),(11,38),(12,38),(13,38),(14,38),(15,38),(0,39),(1,39),(2,39),(3,39),(4,39),(5,39),(6,39),(7,39),(8,39),(9,39),(10,39),(11,39),(12,39)
(5,38),(6,38),(7,38),(8,38),(9,38),(10,38),(11,38),(12,38),(13,38),(14,38),(15,38),(0,39),(1,39),(2,39),(3,39),(4,39),(5,39),(6,39),(7,39),(8,39),(9,39),(10,39),(11,39),(12,39)
(6,38),(7,38),(8,38),(9,38),(10,38),(11,38),(12,38),(13,38),(14,38),(15,38),(0,39),(1,39),(2,39),(3,39),(4,39),(5,39),(6,39),(7,39),(8,39),(9,39),(10,39),(11,39),(12,39)
(7,38),(8,38),(9,38),(10,38),(11,38),(12,38),(13,38),(14,38),(15,38),(0,39),(1,39),(2,39),(3,39),(4,39),(5,39),(6,39),(7,39),(8,39),(9,39),(10,39),(11,39),(12,39)
(8,38),(9,38),(10,38),(11,38),(12,38),(13,38),(14,38),(15,38),(0,39),(1,39),(2,39),(3,39),(4,39),(5,39),(6,39),(7,39),(8,39),(9,39),(10,39),(11,39),(12,39)
(9,38),(10,38),(11,38),(12,38),(13,38),(14,38),(15,38),(0,39),(1,39),(2,39),(3,39),(4,39),(5,39),(6,39),(7,39),(8,39),(9,39),(10,39),(11,39),(12,39)
(10,38),(11,38),(12,38),(13,38),(14,38),(15,38),(0,39),(1,39),(2,39),(3,39),(4,39),(5,39),(6,39),(7,39),(8,39),(9,39),(10,39),(11,39),(12,39)
(11,38),(12,38),(13,38),(14,38),(15,38),(0,39),(1,39),(2,39),(3,39),(4,39),(5,39),(6,39),(7,39),(8,39),(9,39),(10,39),(11,39),(12,39)
(12,38),(13,38),(14,38),(15,38),(0,39),(1,39),(2,39),(3,39),(4,39),(5,39),(6,39),(7,39),(8,39),(9,39),(10,39),(11,39),(12,39)
(13,38),(14,38),(15,38),(0,39),(1,39),(2,39),(3,39),(4,39),(5,39),(6,39),(7,39),(8,39),(9,39),(10,39),(11,39),(12,39)
(14,38),(15,38),(0,39),(1,39),(2,39),(3,39),(4,39),(5,39),(6,39),(7,39),(8,39),(9,39),(10,39),(11,39),(12,39)
(15,38),(0,39),(1,39),(2,39),(3,39),(4,39),(5,39),(6,39),(7,39),(8,39),(9,39),(10,39),(11,39),(12,39)
(0,39),(1,39),(2,39),(3,39),(4,39),(5,39),(6,39),(7,39),(8,39),(9,39),(10,39),(11,39),(12,39)
(1,39),(2,39),(3,39),(4,39),(5,39),(6,39),(7,39),(8,39),(9,39),(10,39),(11,39),(12,39)
(2,39),(3,39),(4,39),(5,39),(6,39),(7,39),(8,39),(9,39),(10,39),(11,39),(12,39)
(3,39),(4,39),(5,39),(6,39),(7,39),(8,39),(9,39),(10,39),(11,39),(12,39)
(4,39),(5,39),(6,39),(7,39),(8,39),(9,39),(10,39),(11,39),(12,39)
(5,39),(6,39),(7,39),(8,39),(9,39),(10,39),(11,39),(12,39)
(6,39),(7,39),(8,39),(9,39),(10,39),(11,39),(12,39)
(7,39),(8,39),(9,39),(10,39),(11,39),(12,39)
(8,39),(9,39),(10,39),(11,39),(12,39)
(9,39),(10,39),(11,39),(12,39)
(10,39),(11,39),(12,39)
(11,39),(12,39)
(12,39)






















