0,
0,
0,
0,
0,
0,
0,
0,
0,
0,
0,
0,
0,
0,
0,
0,
0,
0,
0,
0,
0,
0,
0,
0,
0,
0,
0,
0,
0,
0,
0,
0,
0,
0,
0,
0,
0,
0,
0,
0,
0,
0,
0,
0,
0,
0,
0,
0,
0,
0,
0,
0,
0,
0,
0,
0,
0,
0,
0,
2,28
0,
0,
0,
0,
0,
0,
0,
0,
0,
0,
0,
0,
0,
0,
0,
0,
0,
2,18
2,18
2,18
2,18
2,18
0,
0,
0,
0,
0,
0,
0,
0,
0,
0,
2,11,12,13,14,15
2,11,12,13,14,15
2,11,12,13,14,15
2,11,12,13,14,15
2,11,12,13,14,15
2,11,12,13,14,15
2,11,12,13,14,15
2,11,12,13,14,15
2,11,12,13,14,15
2,11,12,13,14,15
2,11,12,13,14,15
0,
0,
0,
0,
0,
0,
0,
0,
0,
0,
0,
2,13
0,
0,
0,
0,
0,
0,
0,
0,
0,
0,
0,
0,
0,
0,
0,
0,
0,
0,
0,
0,
0,
0,
0,
0,
0,
0,
0,
0,
0,
0,
0,
0,
0,
0,
0,
0,
0,
0,
0,
0,
0,
0,
0,
0,
0,
0,
0,
0,
0,
0,
0,
0,
0,
0,
0,
0,
0,
0,
0,
0,
0,
0,
2,26
0,
0,
2,25
0,
0,
0,
2,20
2,20
2,20
2,20
2,20
2,20
2,2
0,
0,
0,
0,
0,
0,
0,
0,
0,
0,
0,
0,
0,
0,
0,
2,20
2,20
2,20
2,20
2,20
2,20
0,
0,
0,
0,
0,
0,
0,
0,
0,
0,
0,
0,
0,
0,
0,
2,14
2,12,14
2,12,13,14
2,12,13,14,15
2,12,13,14,15
2,12,13,14,15
2,11,12,13,14,15
2,11,12,13,14,15
2,12,13,14,15
2,13,14,15
2,14,15
2,15
0,
0,
0,
0,
0,
0,
0,
0,
0,
0,
0,
0,
0,
0,
0,
0,
0,
0,
0,
0,
0,
0,
0,
0,
0,
0,
0,
0,
0,
0,
0,
2,25,26
2,25,26
2,25,26
2,25,26
2,25,26
2,25,26
2,25,26
2,25,26
2,25,26
2,25,26
2,25,26
2,26,27
2,27
2,28
0,
0,
0,
0,
0,
0,
0,
0,
0,
0,
0,
0,
0,
0,
0,
0,
0,
0,
0,
0,
0,
0,
0,
0,
0,
0,
0,
0,
0,
0,
0,
0,
0,
0,
0,
0,
0,
0,
0,
2,26
2,6,26
2,6,24,26
2,24,26
0,
0,
0,
0,
0,
0,
0,
0,
0,
0,
0,
0,
0,
0,
0,
0,
0,
0,
0,
0,
0,
0,
0,
0,
0,
0,
0,
0,
0,
0,
0,
0,
0,
0,
0,
0,
0,
0,
0,
0,
0,
0,
0,
0,
0,
0,
0,
0,
0,
0,
0,
0,
0,
0,
0,
0,
0,
0,
0,
0,
0,
0,
0,
0,
0,
0,
0,
0,
0,
0,
0,
0,
0,
0,
0,
0,
0,
0,
0,
0,
0,
0,
0,
0,
0,
0,
0,
0,
0,
2,1
0,
2,22
2,22
2,22
2,22
2,22
2,22
2,22
2,22
2,22
2,22
2,22
0,
0,
0,
0,
0,
0,
0,
0,
0,
0,
0,
0,
0,
0,
2,1
2,1
2,1
2,1
2,1,22
2,1,22
2,22
2,22
2,22
2,22
2,22
2,22
2,22
2,22
2,22
2,22
2,22
2,22
2,22
2,22
2,22
2,22
2,22
2,1,22
2,1,22,31
2,1,2,22,31
2,1,2,22,31
2,1,2,31
0,
0,
0,
0,
0,
0,
0,
0,
0,
0,
0,
0,
0,
0,
0,
0,
2,31
2,31
2,31
2,31
2,31
2,31
2,31
2,31
2,31
2,31
2,31
2,31
2,31
2,31
2,31
2,1,2,31
2,1,2,31
2,1,2,31
2,1,2,31
2,1,2,31
2,1,2,8,31
2,1,2,8,31
2,1,2,8,31
2,1,2,3,8,31
2,1,2,3,8
0,
0,
0,
0,
0,
0,
0,
0,
0,
0,
0,
0,
0,
0,
0,
0,
2,8
2,8
2,8
2,8
2,8
2,8
2,8
2,8
2,8
2,8
2,8
2,8
2,4,8
2,4,8
2,4,8
2,1,2,3,4,8
2,1,2,3,4,8
2,2,3,4,8
2,3,4,8
2,4,8
2,8
2,8
2,8
2,8
0,
0,
0,
0,
0,
0,
0,
0,
0,
0,
0,
0,
0,
0,
0,
0,
0,
0,
0,
0,
0,
0,
0,
0,
0,
0,
0,
0,
0,
0,
0,
0,
0,
0,
0,
0,
0,
0,
0,
0,
0,
0,
2,24,26
2,24,26
2,24,26
2,24,26
2,24,26
2,24,26
2,26
2,26
0,
0,
0,
0,
0,
0,
0,
0,
0,
0,
0,
0,
0,
0,
0,
0,
0,
0,
0,
0,
0,
0,
0,
0,
0,
0,
0,
0,
0,
0,
0,
0,
0,
0,
0,
0,
0,
0,
0,
0,
0,
0,
0,
0,
0,
0,
0,
0,
0,
0,
0,
0,
0,
0,
0,
0,
