411
312
384
285
186
393
294
402
303
403
304
114
394
295
385
286
187
8
106
196
17
205
412
313
122
214
26
204
195
213
429
330
420
321
421
322
130
223
430
331
138
232
44
222
231
35
447
348
438
339
439
340
146
241
448
349
154
250
62
240
249
375
366
456
357
358
162
259
376
98
367
277
178
89
170
268
80
258
267
276
71
53
70
513
514
515
517
518
516
440
341
251
615
624
623
622
621
620
619
618
617
616
614
446
347
257
445
346
256
444
345
255
442
343
253
441
342
252
443
344
254
524
527
526
525
523
522
521
452
353
263
635
634
633
632
631
630
629
628
627
626
625
450
351
261
451
352
262
453
354
264
454
355
265
455
356
266
449
350
260
529
530
531
533
534
535
363
372
273
364
373
274
365
374
275
360
369
270
361
370
271
359
368
269
90
92
91
96
95
94
532
362
371
272
174
637
638
639
640
641
642
643
644
645
646
636
93
177
176
175
173
172
171
81
87
86
85
83
82
84
163
164
165
167
168
169
166
75
73
74
76
77
78
72
158
160
159
157
156
155
432
333
243
433
334
244
434
335
245
435
336
246
436
337
247
422
323
233
431
332
242
505
428
329
239
604
511
519
437
338
248
153
605
606
607
608
609
610
611
612
613
603
60
54
510
427
328
238
508
425
326
236
507
424
325
235
506
423
324
234
417
318
228
426
327
237
501
509
602
601
600
599
598
597
596
595
594
593
592
143
49
503
419
320
230
498
414
315
225
499
415
316
226
500
416
317
227
497
413
314
224
409
310
220
418
319
229
494
502
591
590
589
588
587
586
585
584
583
582
581
136
41
489
404
305
215
493
408
309
219
492
407
308
218
491
406
307
217
490
405
306
216
401
302
212
410
311
221
487
495
580
579
578
577
576
575
574
573
572
571
570
129
33
482
396
297
207
483
397
298
208
484
398
299
209
485
399
300
210
486
400
301
211
395
296
206
481
479
569
568
567
566
565
564
563
562
561
560
559
392
293
203
473
386
287
197
478
391
292
202
477
390
291
201
476
389
290
200
475
388
289
199
387
288
198
474
458
466
549
558
557
556
555
554
553
552
551
550
548
378
279
180
189
459
467
379
280
181
190
460
468
380
281
182
191
461
469
381
282
183
192
462
470
382
283
184
193
457
465
377
278
179
188
538
463
471
383
284
185
194
105
539
540
541
542
543
544
545
546
547
537
6
0
99
5
104
4
103
3
102
2
101
1
100
108
10
11
109
12
110
13
111
14
112
9
107
15
113
115
18
23
120
22
119
21
118
20
117
19
116
24
121
28
124
29
125
30
126
31
127
27
123
32
128
36
131
39
134
38
133
37
132
42
137
40
135
46
140
47
141
48
142
50
144
45
51
145
139
59
7
16
25
34
43
52
55
56
57
58
63
64
65
66
67
68
69
79
88
97
147
148
149
150
151
152
161
61
464
472
480
488
496
504
512
520
528
536
647
648
649
650
651
652
653
654
655
656
657
