390
291
201
399
300
210
477
485
482
387
288
198
396
297
207
474
386
287
197
560
473
481
395
296
206
115
561
562
563
564
565
566
567
568
569
559
18
19
116
119
22
479
392
293
203
475
388
289
199
476
389
290
200
391
292
202
478
457
465
377
278
179
188
99
458
466
378
279
180
189
100
459
467
379
280
181
190
101
460
468
380
281
182
191
102
461
469
381
282
183
192
103
462
470
382
283
184
193
104
463
471
383
284
185
194
105
558
557
556
555
554
553
552
551
550
549
548
538
539
540
541
542
543
544
545
546
547
537
112
14
12
110
11
109
15
113
411
312
384
285
186
393
294
402
303
403
304
114
394
295
385
286
187
8
106
196
17
205
412
313
122
214
26
204
195
213
429
330
420
321
421
322
130
223
430
331
138
232
44
222
231
35
447
348
438
339
439
340
146
241
448
349
154
250
62
240
249
375
366
456
357
358
162
259
376
98
367
277
178
89
170
268
80
258
267
276
71
53
7
397
298
208
483
398
299
209
484
400
301
211
409
310
220
486
494
401
302
212
571
487
495
410
311
221
129
572
573
574
575
576
577
578
579
580
570
33
128
32
407
308
218
492
408
309
219
493
406
307
217
491
498
405
306
216
414
315
225
490
404
305
215
582
489
497
413
314
224
131
583
584
585
586
587
588
589
590
591
581
36
37
132
415
316
226
499
417
318
228
501
418
319
229
502
416
317
227
500
419
320
230
428
329
239
503
511
602
601
600
599
598
597
596
595
594
593
592
145
51
425
326
236
508
427
328
238
510
426
327
237
509
424
325
235
507
423
324
234
506
422
323
233
604
505
513
431
332
242
147
605
606
607
608
609
610
611
612
613
603
54
432
333
243
514
433
334
244
515
435
336
246
517
436
337
247
518
434
335
245
516
437
338
248
615
519
527
446
347
257
161
616
617
618
619
620
621
622
623
624
614
69
440
341
251
445
346
256
444
345
255
442
343
253
441
342
252
443
344
254
524
526
525
523
522
521
452
353
263
635
634
633
632
631
630
629
628
627
626
625
450
351
261
451
352
262
453
354
264
454
355
265
455
356
266
449
350
260
529
530
531
533
534
535
363
372
273
364
373
274
365
374
275
360
369
270
361
370
271
359
368
269
90
92
91
96
95
94
532
362
371
272
174
637
638
639
640
641
642
643
644
645
646
636
93
177
176
175
173
172
171
81
87
86
85
83
82
84
163
164
165
167
168
166
75
73
74
76
77
72
169
78
158
66
160
68
159
67
157
65
156
64
155
63
148
55
149
56
151
58
152
59
150
57
153
60
142
48
144
50
143
49
141
47
45
46
139
140
133
38
135
40
134
39
42
136
137
41
126
30
125
29
43
52
61
70
79
88
97
34
0
1
2
3
4
5
6
9
10
13
20
21
23
24
25
27
28
31
107
108
111
117
118
120
121
123
124
127
16
464
472
480
488
496
504
512
520
528
536
647
648
649
650
651
652
653
654
655
656
657
