411
312
384
285
186
393
294
402
303
403
304
114
394
295
385
286
187
8
106
196
17
205
412
313
122
214
26
204
195
213
429
330
420
321
421
322
130
223
430
331
138
232
44
222
231
35
447
348
438
339
439
340
146
241
448
349
154
250
62
240
249
375
366
456
357
358
162
259
376
98
367
277
178
89
170
268
80
258
267
276
71
53
70
513
514
515
517
518
516
440
341
251
624
623
622
621
620
619
618
617
616
615
614
446
347
257
445
346
256
444
345
255
442
343
253
441
342
252
443
344
254
524
527
526
525
523
522
521
452
353
263
635
634
633
632
631
630
629
628
627
626
625
450
351
261
451
352
262
453
354
264
454
355
265
455
356
266
449
350
260
529
530
531
533
534
535
363
372
273
364
373
274
365
374
275
360
369
270
361
370
271
359
368
269
90
92
91
96
95
94
532
362
371
272
174
637
638
639
640
641
642
643
644
645
646
636
93
177
176
175
173
172
171
81
87
86
85
83
82
84
163
164
165
167
168
169
166
75
73
74
76
77
78
72
158
160
159
157
156
155
433
334
244
434
335
245
435
336
246
436
337
247
432
333
243
422
323
233
431
332
242
505
428
329
239
604
511
519
437
338
248
153
605
606
607
608
609
610
611
612
613
603
60
54
506
423
324
234
507
424
325
235
508
425
326
236
509
426
327
237
418
319
229
427
328
238
502
510
602
601
600
599
598
597
596
595
594
593
592
144
50
501
417
318
228
500
416
317
227
499
415
316
226
498
414
315
225
497
413
314
224
410
311
221
582
495
503
419
320
230
137
583
584
585
586
587
588
589
590
591
581
42
489
404
305
215
490
405
306
216
491
406
307
217
492
407
308
218
493
408
309
219
409
310
220
486
494
580
579
578
577
576
575
574
573
572
571
570
128
487
401
302
212
400
301
211
485
399
300
210
484
398
299
209
483
397
298
208
482
396
297
207
474
387
288
198
475
388
289
199
476
389
290
200
477
390
291
201
478
391
292
202
386
287
197
459
467
549
379
280
181
190
460
468
380
281
182
191
461
469
381
282
183
192
462
470
382
283
184
193
383
284
185
194
458
466
378
279
180
189
538
457
465
377
278
179
188
99
539
540
541
542
543
544
545
546
547
537
0
1
100
6
5
104
4
103
3
102
2
101
463
471
479
392
293
203
113
550
551
552
553
554
555
556
557
558
548
105
15
9
14
112
13
111
12
110
11
109
10
108
560
473
481
395
296
206
115
561
562
563
564
565
566
567
568
569
559
107
18
19
116
20
117
21
118
22
119
23
24
121
120
32
31
127
30
126
29
125
28
124
27
123
33
129
36
131
37
132
38
133
39
134
40
135
136
41
49
143
48
142
47
141
46
140
45
51
145
139
55
7
16
25
34
43
52
56
57
58
59
63
64
65
66
67
68
69
79
88
97
147
148
149
150
151
152
161
61
464
472
480
488
496
504
512
520
528
536
647
648
649
650
651
652
653
654
655
656
657
