1.4296875
0.1396484375
-0.294921875
0.9375
0.4375
-0.63671875
0.4765625
0.33203125
0.3203125
0.4921875
0.2080078125
0.44921875
0.134765625
0.314453125
0.279296875
-1.0078125
0.4375
1.171875
0.310546875
-1.8515625
0.416015625
0.9453125
0.5
0.310546875
0.1796875
-3.25
0.062255859375
0.00115966796875
0.36328125
1.0703125
0.228515625
1.2265625
0.5859375
0.28125
0.73046875
-0.1533203125
0.251953125
0.306640625
-0.37890625
0.65234375
0.703125
0.322265625
0.35546875
0.376953125
0.240234375
0.10888671875
0.16796875
0.90234375
0.333984375
0.271484375
0.216796875
0.392578125
0.154296875
-0.1796875
0.384765625
0.439453125
0.396484375
0.1572265625
0.376953125
0.1630859375
-0.03466796875
0.06298828125
-0.12158203125
0.3125