0
0
0
0
0
0
0
0
0
0
0
0
0
0
0
0
0
0
3
3
5
8
10
10
10
10
11
15
19
26
31
31
31
31
31
31
31
31
32
32
32
32
33
37
40
44
55
55
55
55
55
55
55
55
56
56
56
56
57
61
64
68
68
68
68
68
68
68
69
69
70
70
71
72
75
75
77
80
83
87
93
104
116
124
124
124
124
124
124
124
124
124
124
124
124
124
124
124
124
124
124
124
124
124
124
124
124
124
124
124
124
124
124
124
124
124
124
124
124
124
124
124
124
124
124
124
124
124
124
124
124
124
124
124
124
124
124
124
124
124
124
124
124
124
124
124
124
124
124
124
124
124
124
124
124
124
124
124
124
124
124
124
124
124
124
124
124
124
124
124
124
124
124
124
124
124
124
124
124
124
124
124
124
124
124
126
129
133
138
144
151
151
151
151
151
153
154
156
159
163
168
174
181
189
198
208
219
239
256
273
290
312
334
359
386
411
436
461
491
521
549
571
595
621
649
679
711
757
780
805
832
861
892
925
960
982
1007
1034
1063
1094
1127
1127
1127
1127
1127
1127
1127
1127
1127
1127
1127
1127
1127
1127
1127
1127
1127
1127
1127
1127
1127
1127
1127
1127
1127
1127
1127
1127
1127
1127
1127
1127
1127
1127
1127
1127
1127
1127
1127
1127
1127
1127
1141
1157
1174
1174
1174
1174
1174
1174
1174
1174
1174
1174
1174
1174
1174
1174
1174
1174
1174
1174
1174
1174
1174
1174
1174
1174
1174
1174
1174
1174
1174
1174
1174
1174
1174
1174
1174
1174
1174
1174
1174
1174
1188
1204
1220
1238
1238
1238
1238
1238
1238
1238
1238
1238
1238
1238
1238
1238
1238
1238
1238
1238
1238
1238
1238
1238
1238
1238
1238
1238
1238
1238
1238
1238
1238
1238
1238
1238
1238
1238
1238
1238
1238
1238
1238
1238
1238
1238
1238
1238
1238
1238
1238
1238
1238
1238
1238
1238
1238
1238
1238
1238
1238
1238
1238
1238
1238
1238
1241
1241
1241
1241
1241
1241
1241
1244
1244
1244
1244
1244
1244
1244
1247
1247
1247
1247
1247
1247
1247
1250
1250
1250
1250
1250
1250
1250
1253
1253
1253
1253
1253
1253
1253
1253
1253
1253
1253
1253
1253
1253
1253
1253
1253
1253
1256
1256
1256
1256
1256
1256
1256
1259
1264
1270
1277
1285
1294
1304
1315
1329
1344
1360
1377
1395
1414
1434
1455
1477
1500
1524
1554
1586
1620
1654
1686
1718
1753
1788
1826
1864
1864
1864
1864
1864
1864
1864
1864
1864
1864
1864
1864
1864
1864
1864
1864
1864
1864
1864
1864
1864
1864
1864
1864
1864
1864
1864
1864
1878
1894
1910
1928
1972
2020
2069
2116
2141
2165
2198
2230
2267
2304
2304
2304
2304
2304
2304
2304
2304
2304
2304
2304
2304
2304
2304
2304
2304
2304
2304
2304
2304
2304
2304
2304
2304
2304
2304
2304
2304
2318
2334
2350
2368
2402
2441
2480
2516
2541
2565
2594
2622
2655
2687
2687
2687
2687
2687
2687
2687
2687
2687
2687
2687
2687
2687
2687
2687
2687
2687
2687
2687
2687
2687
2687
2687
2687
2687
2687
2687
2687
2701
2717
2733
2751
2797
2840
2888
2933
2958
2982
3011
3039
3072
3104
3150
3193
3241
3286
3311
3335
3364
3392
3425
3457
3499
3545
3592
3636
3660
3741
3804
3862
3911
3950
3982
4015
4051
4094
4140
4173
4212
4252
4294
4340
4380
4428
4466
4517
4581
4627
4677
4725
4788
4838
4904
4967
5008
5008
5008
5008
5008
5008
5008
5008
5008
5008
5008
5008
5008
5008
5008
5008
5008
5008
5008
5008
5008
5008
