0.9999999403953552
0.9999999403953552
0.9999999403953552
-0.5
0.9999999403953552
0.9999999403953552
0.9999999403953552
1.999999761581421
0.9999999403953552
-0.3333333730697632
0.9999999403953552
0.9999999403953552
0.9999999403953552
2.9999990463256836
16777215
0.9999999403953552
-0.3333333730697632
-1.9999990661939933
-1.1920921968075784e-07
-0.5
0.9999999403953552
-0.9999997615814351
-0.3333332935968987
0.9999995628992953
5.9604611616734134e-08
-1.0000005231959133
0.9999999403953552
-16777214.00000006
-0.9999998211860763
-2.0000008543321393
1.0000000132440128
0.9999999403953552
0.9999999403953552
0.9999999403953552
0.9999999403953552
16777215
16777215
0.9999999403953552
-16777214.00000006
-0.499999940395357
0.9999999403953552
-16777214.00000006
-0.4999999701976794
-0.9999998211860799
0.9999999403953552
0.9999999403953552
16777215
0.9999998211860728
2.000000854332132
-1.0000000132440092
-0.49999975826984155
16777215
0.4999999701976776
-1.0000000596046412
5.960467319710006e-08
0.9999999403953552
0.9999999403953552
0.9999999403953552
0.9999999403953552
16777215
16777215
0.9999999403953552
-16777214.00000006
-0.499999940395357
0.9999999403953552
-16777214.00000006
-0.4999999701976794
-0.9999998211860799
0.9999999403953552
0.9999999403953552
16777215
-5.960464477539063e-08
0.9999999403953552
-5.960464477539063e-08
5.9604641222676946e-08
8388607.5
0.9999999403953552
0.9999999403953552
16777215
-1.1920928955078125e-07
0.9999999403953552
-16777214.00000006
-0.999999880790714
0.9999999403953552
1.1920928244535389e-07
-5.960463766996369e-08
-0.9999998807907069
0.9999999403953552
8388607.00000006
0.9999998807907176
5.960463766996369e-08
0.9999998807907069
1.1920926823449918e-07
0.9999999403953552
0.9999999403953552
16777215
0.4999999701976776
0.9999998211860763
-2.000000476836931
16777215
0.9999999403953552
-2.0000001192092753
0.9999998211860586
-2.0000003576277408
0.9999999403953552
0.9999999403953552
16777215
0.4999999701976776
0.9999998211860763
-2.000000476836931
1.1920932507788077e-07
16777215
0.4999999701976776
-1.0000000596046412
5.960467319710006e-08
-0.07692318352370747
0.9999999403953552
0.9999999403953552
-1.0000004768371582
-1.0000001192092896
0.9999998807907069
-2.00000047683708
1290556.942308262
0.07692311933406262
0.9999999403953552
0.9999999403953552
0.9999999403953552
0.9999999403953552
-1
0.9999999403953552
0.9999999403953552
-1
16777215
0.9999999403953552
0.9999999403953552
-1
16777215
0.9999998807907104
0.9999999403953552
0.9999999403953552
-1
16777215
0.9999998807907104
0.6666666070620195
0.9999999403953552
0.9999999403953552
-1
16777215
0.9999998807907104
0.6666666070620195
0.4000000397364252
0.9999999403953552
0.9999999403953552
-1
-1
0.4999999701976776
-1
0.4999999701976776
0.3333333631356563
-1
0.4999999701976776
0.3333333631356563
0.2500000037252894
-1
0.4999999701976776
0.3333333631356563
0.2500000037252894
0.20000000496705328
-1
0.4999999701976776
0.3333333631356563
0.2500000037252894
0.20000000496705328
0.1666666633139051
-1
0.4999999701976776
0.3333333631356563
0.2500000037252894
0.20000000496705328
0.1666666633139051
0.14285714538324426
-1
0.4999999701976776
0.3333333631356563
0.2500000037252894
0.20000000496705328
0.1666666633139051
0.14285714538324426
0.1249999920852362
-1
0.4999999701976776
0.3333333631356563
0.2500000037252894
0.20000000496705328
0.1666666633139051
0.14285714538324426
0.1249999920852362
0.1111111209280817
-1
0.4999999701976776
0.3333333631356563
0.2500000037252894
0.20000000496705328
0.1666666633139051
0.14285714538324426
0.1249999920852362
0.1111111209280817
0.09999999100844996
-1
0.4999999701976776
0.3333333631356563
0.2500000037252894
0.20000000496705328
0.1666666633139051
0.14285714538324426
0.1249999920852362
0.1111111209280817
0.09999999100844996
0.0909090888209691
-1
16777215
0.9999998807907104
0.6666666070620195
0.4000000397364252
0.28571426679217343
0.9999999403953552
0.9999999403953552
0.9999999403953552
-0.499999940395357
-0.33333334326743963
-0.24999998882412797
-0.199999993046124
-0.16666665337979777
-0.14285713686829485
-0.12499998463465607
-0.1111111143053428
-0.09999998504798603
-0.09090908340236516
-0.08333332601140876
0.9999999403953552
0.9999999403953552
0.16666666169961264
-0.19999997814496276
-0.14285710359377038
0.4999999701976776
0.3333333631356563
0.2500000037252894
0.20000000496705328
0.1666666633139051
0.14285714538324426
0.1249999920852362
0.1111111209280817
0.09999999100844996
0.0909090888209691
0.08333333097846235
-0.4832535869831393
0.9999999403953552
0.9999999403953552
0.2999999940395348
-0.1428571400188236
0.4999999701976776
0.3333333631356563
0.2500000037252894
0.20000000496705328
0.1666666633139051
0.14285714538324426
0.1249999920852362
0.1111111209280817
0.09999999100844996
0.0909090888209691
0.08333333097846235
-0.483253616262613
0.48899753037811233
0.9999999403953552
0.9999999403953552
0.35714281456811214
0.4999999701976776
0.3333333631356563
0.2500000037252894
0.20000000496705328
0.1666666633139051
0.14285714538324426
0.1249999920852362
0.1111111209280817
0.09999999100844996
0.0909090888209691
0.08333333097846235
-0.48325359420794256
0.4889975294389525
0.32840726808997117
0.9999999403953552
0.9999999403953552
-8388607.00000003
-0.499999940395357
-0.33333330353100976
-0.2000000198682126
-0.14285713339608672
0.4999999701976776
0.3333333631356563
0.2500000037252894
0.20000000496705328
0.1666666633139051
0.14285714538324426
0.1249999920852362
0.1111111209280817
0.09999999100844996
0.0909090888209691
0.08333333097846235
-0.48325361078191026
0.4889975303445458
0.3284072686981664
0.24721878446057957
0.9999999403953552
0.9999999403953552
2.9802320611338473e-08
-0.16666664183139832
-0.1000000039736412
-0.071428562440569
0.4999999701976776
0.3333333631356563
0.2500000037252894
0.20000000496705328
0.1666666633139051
0.14285714538324426
0.1249999920852362
0.1111111209280817
0.09999999100844996
0.0909090888209691
0.08333333097846235
-0.42583733336115115
0.48655255730015795
0.32676522332849667
0.2459826996471982
0.19722499077640313
0.9999999403953552
0.9999999403953552
0.9999999403953552
-8388607.00000003
-0.4999999105930364
-0.33333328366279424
-0.20000000794728098
-0.142857124881137
0.4999999701976776
0.3333333631356563
0.2500000037252894
0.20000000496705328
0.1666666633139051
0.14285714538324426
0.1249999920852362
0.1111111209280817
0.09999999100844996
0.0909090888209691
0.08333333097846235
-0.4832536039373561
0.4889975300530823
0.3284072685024198
0.24721878431322677
0.19821607649403805
0.1126202612951703
0.9999999403953552
0.9999999403953552
0.9999999403953552
0.9999999403953552
-8388607.00000003
-0.4999999105930364
-0.33333328366279424
-0.20000000794728098
-0.142857124881137
0.4999999701976776
0.3333333631356563
0.2500000037252894
0.20000000496705328
0.1666666633139051
0.14285714538324426
0.1249999920852362
0.1111111209280817
0.09999999100844996
0.0909090888209691
0.08333333097846235
-0.4832536039373561
0.4889975300530823
0.3284072685024198
0.24721878431322677
0.19821607649403805
0.1126202612951703
1.0000001192686125
0.9999999403953552
0.9999999403953552
0.9999999403953552
0.16666666169961264
-0.19999997814496276
-0.14285710359377038
0.4999999701976776
0.3333333631356563
0.2500000037252894
0.20000000496705328
0.1666666633139051
0.14285714538324426
0.1249999920852362
0.1111111209280817
0.09999999100844996
0.0909090888209691
0.08333333097846235
-0.4832535869831393
1.0000000266556597
-1.713086106200294e-08
-1.2895788444058902e-08
-1.0339637637575863e-08
-5.874663677004794e-09
-7.806948549569045e-09
-1.0000001192092887
0.9999999403953552
0.9999999403953552
0.9999999403953552
0.2999999940395348
-0.1428571400188236
0.4999999701976776
0.3333333631356563
0.2500000037252894
0.20000000496705328
0.1666666633139051
0.14285714538324426
0.1249999920852362
0.1111111209280817
0.09999999100844996
0.0909090888209691
0.08333333097846235
-0.483253616262613
0.48899753037811233
1.0000000291678144
-1.0736911330019343e-08
-8.608684075356582e-09
-4.891188714000297e-09
-6.499991493343829e-09
-1.0000001192092898
7561427.950696196
0.9999999403953552
0.9999999403953552
0.9999999403953552
0.35714281456811214
0.4999999701976776
0.3333333631356563
0.2500000037252894
0.20000000496705328
0.1666666633139051
0.14285714538324426
0.1249999920852362
0.1111111209280817
0.09999999100844996
0.0909090888209691
0.08333333097846235
-0.48325359420794256
0.4889975294389525
0.32840726808997117
1.00000006114375
-1.609986270233261e-08
-9.147445892010741e-09
-1.2156209536810137e-08
-1.0000001192092887
7561427.950696194
0.9999999109701813
0.9999999403953552
0.9999999403953552
0.9999999403953552
-8388607.00000003
-0.499999940395357
-0.33333330353100976
-0.2000000198682126
-0.14285713339608672
0.4999999701976776
0.3333333631356563
0.2500000037252894
0.20000000496705328
0.1666666633139051
0.14285714538324426
0.1249999920852362
0.1111111209280817
0.09999999100844996
0.0909090888209691
0.08333333097846235
-0.48325361078191026
0.4889975303445458
0.3284072686981664
0.24721878446057957
1.0000000688592725
-9.672118387535656e-09
-1.2853457667783962e-08
-1.0000001192092884
7561427.95069619
0.9999999109701808
0.4023401578187973
0.9999999403953552
0.9999999403953552
0.9999999403953552
2.9802320611338473e-08
-0.16666664183139832
-0.1000000039736412
-0.071428562440569
0.4999999701976776
0.3333333631356563
0.2500000037252894
0.20000000496705328
0.1666666633139051
0.14285714538324426
0.1249999920852362
0.1111111209280817
0.09999999100844996
0.0909090888209691
0.08333333097846235
-0.42583733336115115
0.48655255730015795
0.32676522332849667
0.2459826996471982
0.19722499077640313
0.9999999996586033
5.7254842509981585e-11
-1.0000001192092896
7561427.9506961955
0.9999999109701814
0.4023401578187973
0.2869062573222503
0.9999999403953552
0.9999999403953552
0.9999999403953552
0.9999999403953552
2.9802320611338473e-08
1.9868216701487083e-08
1.4901161415892208e-08
1.1920929251137571e-08
9.934107262724941e-09
8.514949404194609e-09
7.450580125167143e-09
6.622738893513781e-09
5.960463941600916e-09
5.418603946028298e-09
4.967053590921304e-09
1.996327908067886e-09
5.829304823156598e-08
3.914919721645735e-08
2.947077568296843e-08
2.3629197667607635e-08
1.3425380465763077e-08
1.7841237983337407e-08
-1.0000001192092907
7561427.950696204
0.9999999109701825
0.4023401578187973
0.2869062573222503
0.22294264536280237
0.9999999403953552
0.9999999403953552
0.9999999403953552
0.9999999403953552
0.9999999403953552
0.9999999403953552
0.9999999403953552
0.9999999403953552
0.9999999403953552
0.9999999403953552
0.9999999403953552
0.9999999403953552
0.9999999403953552
0.9999999403953552
-1.0136806594118752e-07
1.0000001192092967
-3780714.200696222
-0.49999998528741196
-0.20117009087660273
-0.14345313719486377
-0.11147132931260634
-0.09115006882035968
0.9999999403953552
0.9999999403953552
0.9999999403953552
0.9999999403953552
0.9999999403953552
0.9999999403953552
0.9999999403953552
0.9999999403953552
0.9999999403953552
0.9999999403953552
0.9999999403953552
0.9999999403953552
0.9999999403953552
0.9999999403953552
-6.807140806586176e-08
1.1416098073282593e-08
-8.006133980073895e-16
4.152603691924243e-09
5.491824261526674e-16
1.5649329658521348e-16
1.0211291800479733e-16
0.38852876424789456
-0.09115008379191412
0.8808686774313508
0.9999999403953552
0.9999999403953552
0.9999999403953552
0.9999999403953552
0.9999999403953552
0.9999999403953552
0.9999999403953552
0.9999999403953552
0.9999999403953552
0.9999999403953552
0.9999999403953552
0.9999999403953552
0.9999999403953552
0.9999999403953552
-9.558010560795083e-08
1.342538282792636e-08
1.7841240475445448e-08
-1.2512100079064603e-15
6.4897479399297705e-09
8.582700838274244e-16
2.4456995688011503e-16
0.35654690861702165
-0.11147133361240243
-0.09115007233630107
0.880868676521536
0.46833086352883857
0.9999999403953552
0.9999999403953552
0.9999999403953552
0.9999999403953552
0.9999999403953552
0.9999999403953552
0.9999999403953552
0.9999999403953552
0.9999999403953552
0.9999999403953552
0.9999999403953552
0.9999999403953552
0.9999999403953552
0.9999999403953552
-8.973851350901896e-08
2.362919752701143e-08
1.3425381901188848e-08
1.7841237623051638e-08
-1.2512098077287282e-15
6.489746835542001e-09
8.582699377719839e-16
0.2988299429416673
-0.1434531394827765
-0.11147133036675443
-0.09115006968233583
0.8808686763107558
0.46833086341677266
0.31895458124852627
0.9999999403953552
0.9999999403953552
0.9999999403953552
0.9999999403953552
0.9999999403953552
0.9999999403953552
0.9999999403953552
0.9999999403953552
0.9999999403953552
0.9999999403953552
0.9999999403953552
0.9999999403953552
0.9999999403953552
0.9999999403953552
-8.006010432382027e-08
2.947078006395189e-08
2.36292012175853e-08
1.3425382559946015e-08
1.7841240650803744e-08
-1.2512100194869902e-15
6.489747923658745e-09
6.612507605148322e-08
-0.29882991633689054
-0.21309375016254425
-0.16558608552663726
-0.1353996869376174
0.8843830194857114
0.47019933445009987
0.3202270925543299
0.24278857939309537
0.9999999403953552
0.9999999403953552
0.9999999403953552
0.9999999403953552
0.9999999403953552
0.9999999403953552
0.9999999403953552
0.9999999403953552
0.9999999403953552
0.9999999403953552
0.9999999403953552
0.9999999403953552
0.9999999403953552
0.9999999403953552
-6.09162356113302e-08
3.9149193296162146e-08
2.9470772731845357e-08
2.362919533881853e-08
1.3425381129030819e-08
1.7841235891847488e-08
-1.2512096869603443e-15
-3780713.750000005
-0.499999991807849
-0.20117009338136638
-0.14345313931305528
-0.11147133059671721
-0.09115006987037672
0.8808686762517234
0.46833086371549215
0.31895458124054427
0.24182379228053505
0.22149396384241168
0.9999999403953552
0.9999999403953552
0.9999999403953552
0.9999999403953552
0.9999999403953552
0.9999999403953552
0.9999999403953552
0.9999999403953552
0.9999999403953552
0.9999999403953552
0.9999999403953552
0.9999999403953552
0.9999999403953552
0.9999999403953552
-5.960464477539063e-08
2.9802320611338473e-08
1.9868216701487083e-08
1.4901161415892208e-08
1.1920929251137571e-08
9.934107262724941e-09
8.514949404194609e-09
7.450580125167143e-09
6.622738893513781e-09
5.960463941600916e-09
5.418603946028298e-09
4.967053590921304e-09
1.996327908067886e-09
5.829304823156598e-08
3.914919721645735e-08
2.947077568296843e-08
2.3629197667607635e-08
1.3425380465763077e-08
1.7841237983337407e-08
-1.2512098325441495e-15
6.489746979213871e-09
8.582699567726091e-16
2.445699222740281e-16
1.595834764964159e-16
4.2299330516329193e-16
0.40884992480277804
0.8808686756027304
0.4683308630403363
0.3189545805693081
0.24182379200698867
0.22149396071142718
0.15828286646858797
0.9999999403953552
0.9999999403953552
0.9999999403953552
0.9999999403953552
0.9999999403953552
0.9999999403953552
0.9999999403953552
0.9999999403953552
0.9999999403953552
0.9999999403953552
0.9999999403953552
0.9999999403953552
0.9999999403953552
0.9999999403953552
0.9999999403953552
0.4088499004334256
0.8808686751712392
0.4683308628109263
0.31895458041306946
0.24182379188853223
0.22149395901201
0.15828286671617292
0.424435356896347
0.9999999403953552
0.9999999403953552
0.9999999403953552
0.9999999403953552
0.9999999403953552
0.9999999403953552
0.9999999403953552
0.9999999403953552
0.9999999403953552
0.9999999403953552
0.9999999403953552
0.9999999403953552
0.9999999403953552
0.9999999403953552
0.9999999403953552
0.3885287410897753
-0.09115007835894627
0.8808686769998597
0.6455538850239493
0.21263640178226703
0.16121587251052458
0.14766265361141892
0.10552191769847329
0.09110202199363546
-0.37489061698141996
0.9999999403953552
0.9999999403953552
0.9999999403953552
0.9999999403953552
0.9999999403953552
0.9999999403953552
0.9999999403953552
0.9999999403953552
0.9999999403953552
0.9999999403953552
0.9999999403953552
0.9999999403953552
0.9999999403953552
0.9999999403953552
0.9999999403953552
0.3565468873651678
-0.11147132696819304
-0.0911500669033337
0.8808686760900448
0.46833086329942797
0.5459697113770172
0.16121586492138862
0.14766264460576278
0.10552191297675688
0.09110201773847729
-0.37489061873653307
-0.5997200613988684
0.9999999403953552
0.9999999403953552
0.9999999403953552
0.9999999403953552
0.9999999403953552
0.9999999403953552
0.9999999403953552
0.9999999403953552
0.9999999403953552
0.9999999403953552
0.9999999403953552
0.9999999403953552
0.9999999403953552
0.9999999403953552
0.9999999403953552
0.29882992513001305
-0.14345313093230255
-0.1114713237225453
-0.09115006424936863
0.8808686758792645
0.4683308631873626
0.31895458109228764
0.49454921080938763
0.14766263608210892
0.10552190744528968
0.09110201314158098
-0.3748906206326012
-0.5997200644320476
-1.4982514645199134
0.9999999403953552
0.9999999403953552
0.9999999403953552
0.9999999403953552
0.9999999403953552
0.9999999403953552
0.9999999403953552
0.9999999403953552
0.9999999403953552
0.9999999403953552
0.9999999403953552
0.9999999403953552
0.9999999403953552
0.9999999403953552
0.9999999403953552
6.612507125185136e-08
-0.298829898525239
-0.21309373746116658
-0.1655860756569375
-0.13539967886716764
0.8843830188447489
0.4701993341093197
0.3202270923222448
0.242788579217133
0.39180559070850507
0.1242901797824416
0.10730554101108737
-0.36820719795901996
-0.5890284553802916
-1.471541140246158
2.953410473615596
0.9999999403953552
0.9999999403953552
0.9999999403953552
0.9999999403953552
0.9999999403953552
0.9999999403953552
0.9999999403953552
0.9999999403953552
0.9999999403953552
0.9999999403953552
0.9999999403953552
0.9999999403953552
0.9999999403953552
0.9999999403953552
0.9999999403953552
-3780713.5246519
-0.4999999620055264
-0.2011700814141623
-0.14345313077931668
-0.11147132396551208
-0.0911500644480425
0.880868675821077
0.4683308634865292
0.31895458108461006
0.24182379216230948
0.22149396211084466
0.438855243345144
0.09110201633028611
-0.37489061931736495
-0.5997200623280375
-1.4982514594186802
3.0070185805761755
0.7637327260050976
0.9999999403953552
0.9999999403953552
0.9999999403953552
0.9999999403953552
0.9999999403953552
0.9999999403953552
0.9999999403953552
0.9999999403953552
0.9999999403953552
0.9999999403953552
0.9999999403953552
0.9999999403953552
0.9999999403953552
0.9999999403953552
0.9999999403953552
1.0000000596046377
-3780713.97534807
-0.4999999554850871
-0.20117007890939864
-0.14345312866112514
-0.11147132268140118
-0.09115006339802542
0.9205791032948623
0.3122206294882552
0.21263642390985155
0.1612158892871342
0.14766266604620906
0.10552192919136674
0.0911020320053283
-0.3748906128519242
-0.5997200519851429
-1.4982514337346395
3.0070185289032145
0.7637327130866094
0.42902896629578396
0.9999999403953552
0.9999999403953552
0.9999999403953552
0.9999999403953552
0.9999999403953552
0.9999999403953552
0.9999999403953552
0.9999999403953552
0.9999999403953552
0.9999999403953552
0.9999999403953552
0.9999999403953552
0.9999999403953552
0.9999999403953552
-3.430632844469983e-08
0.4124671973346744
0.17991602649002442
0.4494754573375448
-0.9021056132962973
-0.22911982759448127
-0.12870869803418486
-0.09006723801687909
0.9999999403953552
0.9999999403953552
0.9999999403953552
0.9999999403953552
0.9999999403953552
0.9999999403953552
0.9999999403953552
0.9999999403953552
0.9999999403953552
0.9999999403953552
0.9999999403953552
0.9999999403953552
0.9999999403953552
0.9999999403953552
-3.625121536288134e-08
7.408272768246125e-09
6.395909304708003e-09
2.6381026521965143e-09
4.220226276299547e-09
1.0543185679326518e-08
-2.1160369749715195e-08
0.0775780439845602
-0.13082078500666347
-0.09154522563697182
0.8671999272027587
0.9999999403953552
0.9999999403953552
0.9999999403953552
0.9999999403953552
0.9999999403953552
0.9999999403953552
0.9999999403953552
0.9999999403953552
0.9999999403953552
0.9999999403953552
0.9999999403953552
0.9999999403953552
0.9999999403953552
0.9999999403953552
-3.01272216063353e-08
8.801381079227114e-09
6.289597229245913e-09
5.430104357534371e-09
2.23973985526856e-09
3.5829570964893285e-09
8.95112723798221e-09
-0.6021056115627453
-0.22911982926970356
-0.1287086988611078
-0.0900672385955401
0.8670843698451663
0.4659413793766803
0.9999999403953552
0.9999999403953552
0.9999999403953552
0.9999999403953552
0.9999999403953552
0.9999999403953552
0.9999999403953552
0.9999999403953552
0.9999999403953552
0.9999999403953552
0.9999999403953552
0.9999999403953552
0.9999999403953552
0.9999999403953552
-2.7062316831916178e-08
9.609215351630228e-09
8.801380480682763e-09
6.289596768158862e-09
5.430103948806201e-09
2.2397396866816025e-09
3.5829568267973655e-09
0.7494754582956228
-0.9021056053684113
-0.22911982566707617
-0.1287086967471624
-0.09006723710321769
0.8670843697284881
0.46594137936301405
0.3164823453337332
0.9999999403953552
0.9999999403953552
0.9999999403953552
0.9999999403953552
0.9999999403953552
0.9999999403953552
0.9999999403953552
0.9999999403953552
0.9999999403953552
0.9999999403953552
0.9999999403953552
0.9999999403953552
0.9999999403953552
0.9999999403953552
-2.1126636440271795e-08
1.2674118210982326e-08
9.609215583779903e-09
8.801380815775538e-09
6.28959690546711e-09
5.430104078000943e-09
2.239739739970194e-09
0.4799160504441247
0.44947547144895156
-0.9021056416181539
-0.2291198349528924
-0.12870870179656893
-0.09006724064970438
0.8670843700057727
0.4659413796181945
0.3164823453570259
0.2404000065514213
0.9999999403953552
0.9999999403953552
0.9999999403953552
0.9999999403953552
0.9999999403953552
0.9999999403953552
0.9999999403953552
0.9999999403953552
0.9999999403953552
0.9999999403953552
0.9999999403953552
0.9999999403953552
0.9999999403953552
0.9999999403953552
-4.733852421168194e-09
1.8609792299715196e-08
1.2674113465219892e-08
9.609211985655502e-09
8.801377347343122e-09
6.289594564904129e-09
5.4301020785834435e-09
2.23973891527606e-09
3.5829555927643472e-09
8.951123462808522e-09
-1.79650713019001e-08
-4.48039410778917e-09
-2.702193698042476e-09
0.20993276407243355
0.8670843694451505
0.4659413792267529
0.3164823452058569
0.2404000064365933
0.1938084454926405
0.9999999403953552
0.9999999403953552
0.9999999403953552
0.9999999403953552
0.9999999403953552
0.9999999403953552
0.9999999403953552
0.9999999403953552
0.9999999403953552
0.9999999403953552
0.9999999403953552
0.9999999403953552
0.9999999403953552
0.9999999403953552
0.9999999403953552
0.9999999403953552
0.9999999403953552
0.9999999403953552
0.9999999403953552
0.9999999403953552
0.9999999403953552
0.9999999403953552
0.9999999403953552
0.9999999403953552
0.9999999403953552
0.9999999403953552
0.9999999403953552
0.9999999403953552
0.9999999403953552
0.923076902444544
0.9999999403953552
0.9999999403953552
0.9999999403953552
0.9999999403953552
0.9999999403953552
0.9999999403953552
0.9999999403953552
0.9999999403953552
0.9999999403953552
0.9999999403953552
0.9999999403953552
0.9999999403953552
0.9999999403953552
0.9999999403953552
0.9999999403953552
0.846153827240832
-0.05263151493873761
0.9999999403953552
0.9999999403953552
0.9999999403953552
0.9999999403953552
0.9999999403953552
0.9999999403953552
0.9999999403953552
0.9999999403953552
0.9999999403953552
0.9999999403953552
0.9999999403953552
0.9999999403953552
0.9999999403953552
0.9999999403953552
0.9999999403953552
0.9999999403953552
0.9999999403953552
0.9999999403953552
0.9999999403953552
0.9999999403953552
0.9999999403953552
0.9999999403953552
0.9999999403953552
0.9999999403953552
0.9999999403953552
0.9999999403953552
0.9999999403953552
0.9999999403953552
0.9999999403953552
0.923076902444544
0.9999999403953552
0.9999999403953552
0.9999999403953552
0.9999999403953552
0.9999999403953552
0.9999999403953552
0.9999999403953552
0.9999999403953552
0.9999999403953552
0.9999999403953552
0.9999999403953552
0.9999999403953552
0.9999999403953552
0.9999999403953552
0.846153827240832
0.28947372469100785
0.9999999403953552
0.9999999403953552
0.9999999403953552
0.9999999403953552
0.9999999403953552
0.9999999403953552
0.9999999403953552
0.9999999403953552
0.9999999403953552
0.9999999403953552
0.9999999403953552
0.9999999403953552
0.9999999403953552
0.9999999403953552
0.9999999403953552
0.846153827240832
-0.05263151493873761
0.7938931560815182
0.9999999403953552
0.9999999403953552
0.9999999403953552
0.9999999403953552
0.9999999403953552
0.9999999403953552
0.9999999403953552
0.9999999403953552
0.9999999403953552
0.9999999403953552
0.9999999403953552
0.9999999403953552
0.9999999403953552
0.9999999403953552
0.9999999403953552
0.9999999403953552
0.9999999403953552
0.9999999403953552
0.9999999403953552
0.9999999403953552
0.9999999403953552
0.9999999403953552
0.9999999403953552
0.9999999403953552
0.9999999403953552
0.4999999701976776
0.9999999403953552
0.9999999403953552
0.9999999403953552
0.9999999403953552
0.4999999701976776
-0.40000006556510925
0.9999999403953552
0.9999999403953552
0.9999999403953552
0.9999999403953552
0.4999999701976776
-0.40000006556510925
-0.6666668250447287
0.9999999403953552
0.9999999403953552
0.9999999403953552
0.9999999403953552
0.4999999701976776
-0.40000006556510925
-0.6666668250447287
-2.000001138051488
0.9999999403953552
0.9999999403953552
0.9999999403953552
0.9999999403953552
0.4999999701976776
-0.40000006556510925
-0.6666668250447287
-2.000001138051488
1.9999988370462187
0.9999999403953552
0.9999999403953552
0.9999999403953552
0.9999999403953552
0.4999999701976776
-0.40000006556510925
-0.6666668250447287
-2.000001138051488
1.9999988370462187
0.6666665641786272
0.9999999403953552
0.9999999403953552
0.9999999403953552
0.9999999403953552
0.4999999701976776
-0.40000006556510925
-0.6666668250447287
-2.000001138051488
1.9999988370462187
0.6666665641786272
0.3999999467539019
-0.5
-0.5
-0.5
-0.5
-0.5
-0.5
-0.5
-0.20000004470348554
-0.333333432390584
-1.0000006286304228
0.9999994781277195
0.33333330195752553
0.1999999852978783
0.14285712119141536
-0.5
-0.5
-0.5
-0.5
-0.5
-0.5
-0.5
-0.20000004470348554
-0.333333432390584
-1.0000006286304228
0.9999994781277195
0.33333330195752553
0.1999999852978783
0.14285712119141536
0.7499999504598263
-0.5
-0.5
-0.5
-0.5
-0.5
-0.5
-0.5
-0.20000004470348554
-0.333333432390584
-1.0000006286304228
0.9999994781277195
0.33333330195752553
0.1999999852978783
0.14285712119141536
0.7499999504598263
0.4285714851887643
-0.5
-0.5
-0.5
-0.5
-0.5
-0.5
-0.5
-0.20000004470348554
-0.333333432390584
-1.0000006286304228
0.9999994781277195
0.33333330195752553
0.1999999852978783
0.14285712119141536
0.7499999504598263
0.4285714851887643
0.3000000226804549
-0.5
-0.5
-0.5
-0.5
-0.5
-0.5
-0.5
-0.20000004470348554
-0.333333432390584
-1.0000006286304228
0.9999994781277195
0.33333330195752553
0.1999999852978783
0.14285712119141536
0.7499999504598263
0.4285714851887643
0.3000000226804549
0.23076924879511337
-0.5
-0.5
-0.5
-0.5
-0.5
-0.5
-0.5
-0.20000004470348554
-0.333333432390584
-1.0000006286304228
0.9999994781277195
0.33333330195752553
0.1999999852978783
0.14285712119141536
0.7499999504598263
0.4285714851887643
0.3000000226804549
0.23076924879511337
0.18749999314454047
-0.5
-0.5
-0.5
-0.5
-0.5
-0.5
-0.5
-0.20000004470348554
-0.333333432390584
-1.0000006286304228
0.9999994781277195
0.33333330195752553
0.1999999852978783
0.14285712119141536
0.7499999504598263
0.4285714851887643
0.3000000226804549
0.23076924879511337
0.18749999314454047
0.1578947451608186
-0.5
-0.5
-0.5
-0.5
-0.5
-0.5
-0.5
-0.20000004470348554
-0.333333432390584
-1.0000006286304228
0.9999994781277195
0.33333330195752553
0.1999999852978783
0.14285712119141536
0.7499999504598263
0.4285714851887643
0.3000000226804549
0.23076924879511337
0.18749999314454047
0.1578947451608186
0.13636364289606515
-0.5
-0.5
-0.5
-0.5
-0.5
-0.5
-0.5
-0.20000004470348554
-0.333333432390584
-1.0000006286304228
0.9999994781277195
0.33333330195752553
0.1999999852978783
0.14285712119141536
0.7499999504598263
0.4285714851887643
0.3000000226804549
0.23076924879511337
0.18749999314454047
0.1578947451608186
0.13636364289606515
0.12000001081274571
-0.5
-0.5
-0.5
-0.5
-0.5
-0.5
-0.5
-0.20000004470348554
-0.333333432390584
-1.0000006286304228
0.9999994781277195
0.33333330195752553
0.1999999852978783
0.14285712119141536
0.7499999504598263
0.4285714851887643
0.3000000226804549
0.23076924879511337
0.18749999314454047
0.1578947451608186
0.13636364289606515
0.12000001081274571
0.10714286493487653
-0.5
-0.5
-0.5
-0.5
-0.5
-0.5
-0.5
-0.20000004470348554
-0.333333432390584
-1.0000006286304228
0.9999994781277195
0.33333330195752553
0.1999999852978783
0.14285712119141536
0.7499999504598263
0.4285714851887643
0.3000000226804549
0.23076924879511337
0.18749999314454047
0.1578947451608186
0.13636364289606515
0.12000001081274571
0.10714286493487653
0.09677419132022612
0.9999999403953552
0.9999999403953552
0.9999999403953552
-2.9802322387695312e-08
0.9999999403953552
0.9999999403953552
0.9999999403953552
0.9999999403953552
0.9999999403953552
0.9999999403953552
0.9999999403953552
0.9999999403953552
0.9999999403953552
0.9999999403953552
0.9999999403953552
-8.514939356782544e-09
-5.6766319668361995e-09
-3.40597925032217e-09
-2.432842131533307e-09
8.514948638847087e-09
4.8656859006715585e-09
3.4059799380131643e-09
2.6199845742802765e-09
2.1287372224906076e-09
1.7926209789266339e-09
1.5481726562170974e-09
1.3623919949663488e-09
1.216421402934843e-09
1.098703097450173e-09
1.0017587773468964e-09
0.9999999403953552
0.9999999403953552
0.9999999403953552
0.9999999403953552
0.4999999701976776
0.9999999403953552
0.9999999403953552
0.9999999403953552
0.9999999403953552
0.9999999403953552
0.9999999403953552
0.9999999403953552
0.9999999403953552
0.9999999403953552
0.9999999403953552
0.9999999403953552
-0.14285698533058117
-0.09523808633674773
-0.05714285298015237
-0.04081632036747683
-0.1071428440410466
-0.06122449444145545
-0.042857143687350364
-0.032967033688422534
-0.026785711800202172
-0.02255639089748522
-0.019480519318333864
-0.0171428577235921
-0.015306122701461842
-0.013824883696944719
-0.012605041909279273
0.9230769041398277
0.9999999403953552
0.9999999403953552
0.9999999403953552
0.9999999403953552
0.4999999701976776
0.9999999403953552
0.9999999403953552
0.9999999403953552
0.9999999403953552
0.9999999403953552
0.9999999403953552
0.9999999403953552
0.9999999403953552
0.9999999403953552
0.9999999403953552
0.9999999403953552
0.428571611642836
-0.2857141332397671
-0.09523808515086064
-0.0571428522686201
-0.04081631985923953
-0.1071428442634004
-0.061224494568514795
-0.0428571437762919
-0.0329670337568391
-0.02678571185579063
-0.022556390944296557
-0.01948051935876183
-0.017142857759168715
-0.01530612273322667
-0.01382488372563553
-0.012605041935438545
0.8461538269711274
-0.03043991960594521
0.9999999403953552
0.9999999403953552
0.9999999403953552
-2.9802322387695312e-08
0.9999999403953552
0.9999999403953552
0.9999999403953552
0.9999999403953552
0.9999999403953552
0.9999999403953552
0.9999999403953552
0.9999999403953552
0.9999999403953552
0.9999999403953552
0.9999999403953552
2.554485715019577e-08
-1.7029888404004492e-08
-5.676631896151825e-09
-3.405979207911544e-09
-2.4328421012400053e-09
8.514948625593766e-09
4.86568589309823e-09
3.405979932711834e-09
2.61998457020233e-09
2.128737219177276e-09
1.79262097613646e-09
1.5481726538074018e-09
1.3623919928458165e-09
1.2164214010415108e-09
1.0987030957400667e-09
1.0017587757876816e-09
0.846153827240832
0.347999514739041
0.6473959134972821
0.9999999403953552
0.9999999403953552
0.9999999403953552
0.9999999403953552
0.4999999701976776
0.9999999403953552
0.9999999403953552
0.9999999403953552
0.9999999403953552
0.9999999403953552
0.9999999403953552
0.9999999403953552
0.9999999403953552
0.9999999403953552
0.9999999403953552
0.9999999403953552
0.10204081982374155
-0.10714284601428088
-0.06122449556901813
-0.042857144476644196
-0.032967034295571636
-0.02678571229351076
-0.022556391312903015
-0.019480519677103774
-0.017142858039309636
-0.01530612298335249
-0.013824883951555603
-0.012605042141424508
0.8461538269711276
-0.03043992002952736
0.18337368770957643
0.7445098816806602
0.9999999403953552
0.9999999403953552
0.9999999403953552
-2.9802322387695312e-08
0.9999999403953552
0.9999999403953552
0.9999999403953552
0.9999999403953552
0.9999999403953552
0.9999999403953552
0.9999999403953552
0.9999999403953552
0.9999999403953552
0.9999999403953552
0.9999999403953552
6.082106455661958e-09
8.514948521233166e-09
4.86568583346359e-09
3.405979890967589e-09
2.619984538091372e-09
2.128737193087126e-09
1.7926209541658053e-09
1.5481726348327454e-09
1.3623919761481183e-09
1.2164213861328519e-09
1.0987030822741826e-09
1.0017587635099628e-09
0.846153827240832
0.3479995147390417
0.4092132427910339
0.1743264643925073
0.6955320477170864
0.9999999403953552
0.9999999403953552
0.9999999403953552
0.9999999403953552
0.4999999701976776
0.9999999403953552
0.9999999403953552
0.9999999403953552
0.9999999403953552
0.9999999403953552
0.9999999403953552
0.9999999403953552
0.9999999403953552
0.9999999403953552
0.9999999403953552
0.9999999403953552
0.08571430295705765
-0.040816322496221115
-0.10714284310972093
-0.061224493909269255
-0.042857143314820045
-0.032967033401860746
-0.026785711567370748
-0.02255639070141664
-0.019480519149001906
-0.01714285757457997
-0.0153061225684153
-0.01382488357677366
-0.012605041799711536
0.8461538269711276
-0.03043991932684271
0.18337368812891516
0.7445098806219447
-0.08869636957382468
1.2346537709133163
0.9999999403953552
0.9999999403953552
0.9999999403953552
-2.9802322387695312e-08
0.9999999403953552
0.9999999403953552
0.9999999403953552
0.9999999403953552
0.9999999403953552
0.9999999403953552
0.9999999403953552
0.9999999403953552
0.9999999403953552
0.9999999403953552
0.9999999403953552
5.108970275407277e-09
-2.4328422584163464e-09
8.51494869435842e-09
4.865685932392326e-09
3.4059799602177e-09
2.6199845913606884e-09
2.1287372363684405e-09
1.792620990613231e-09
1.5481726663100678e-09
1.362392003848163e-09
1.2164214108650344e-09
1.0987031046129256e-09
1.0017587838776418e-09
0.846153827240832
0.3479995147390417
0.4092132427910339
0.1743264643925073
0.3779956150604051
-0.16313124746860883
1.782407116927858
0.9999999403953552
0.9999999403953552
0.9999999403953552
0.9999999403953552
0.4999999701976776
0.9999999403953552
0.9999999403953552
0.9999999403953552
0.9999999403953552
0.9999999403953552
0.9999999403953552
0.9999999403953552
0.9999999403953552
0.9999999403953552
0.9999999403953552
0.9999999403953552
0.047619070857763124
-0.05714285985334758
-0.04081632527690159
-0.10714284189317315
-0.06122449321409893
-0.04285714282820085
-0.03296703302753829
-0.02678571126323379
-0.02255639044530128
-0.01948051892781137
-0.01714285737993229
-0.01530612239462273
-0.013824883419799741
-0.012605041656588246
0.8461538269711276
-0.030439919032530554
0.1833736883045509
0.7445098801785126
-0.08869636921087896
1.2346537698262599
-1.4232456376231009
-2.193795229726661
0.9999999403953552
0.9999999403953552
0.9999999403953552
-2.9802322387695312e-08
0.9999999403953552
0.9999999403953552
0.9999999403953552
0.9999999403953552
0.9999999403953552
0.9999999403953552
0.9999999403953552
0.9999999403953552
0.9999999403953552
0.9999999403953552
0.9999999403953552
2.8383176338342123e-09
-3.4059796599965043e-09
-2.4328424241578085e-09
8.514948766870314e-09
4.865685973827703e-09
3.4059799892224622e-09
2.619984613672044e-09
2.128737254496415e-09
1.7926210058788953e-09
1.5481726794940504e-09
1.3623920154500682e-09
1.216421421223878e-09
1.0987031139692997e-09
1.001758792408454e-09
0.846153827240832
0.3479995147390417
0.4092132427910339
0.1743264643925073
0.3779956150604051
-0.16313124746860883
1.0756271245783713
1.0933953532300513
-0.0922594082988074
0.9999999403953552
0.9999999403953552
0.9999999403953552
0.9999999403953552
0.9999999403953552
0.9999999403953552
0.9999999403953552
0.9999999403953552
0.9999999403953552
0.9999999403953552
0.9999999403953552
0.9999999403953552
0.9999999403953552
0.9999999403953552
0.9999999403953552
0.9999999403953552
0.9999999403953552
0.9999999403953552
0.9999999403953552
0.9999999403953552
0.9999999403953552
0.9999999403953552
0.9999999403953552
0.9999999403953552
0.9999999403953552
0.9999999403953552
0.9999999403953552
0.9999999403953552
0.9999999403953552
0.923076902444544
0.9999999403953552
0.9999999403953552
0.9999999403953552
0.9999999403953552
0.9999999403953552
0.9999999403953552
0.9999999403953552
0.9999999403953552
0.9999999403953552
0.9999999403953552
0.9999999403953552
0.9999999403953552
0.9999999403953552
0.9999999403953552
0.846153827240832
0.28947372469100785
0.9999999403953552
0.9999999403953552
0.9999999403953552
0.9999999403953552
0.9999999403953552
0.9999999403953552
0.9999999403953552
0.9999999403953552
0.9999999403953552
0.9999999403953552
0.9999999403953552
0.9999999403953552
0.9999999403953552
0.9999999403953552
0.9999999403953552
0.846153827240832
-0.05263151493873761
0.7938931560815182
0.9999999403953552
0.9999999403953552
0.9999999403953552
0.9999999403953552
0.9999999403953552
0.9999999403953552
0.9999999403953552
0.9999999403953552
0.9999999403953552
0.9999999403953552
0.9999999403953552
0.9999999403953552
0.4999999701976776
0.23809528350829995
0.285714475638232
-0.28571414692316205
-0.09523808971199424
-0.05714285500530031
-0.040816321814010965
-0.10714284340818786
-0.0612244940798218
-0.042857143434206824
-0.03296703349369673
-0.026785711641987474
-0.02255639076425178
-0.01948051920326862
-0.01714285762233468
-0.015306122611053432
-0.013824883615285518
-0.012605041834825291
0.8461538269711277
-0.030439919399049657
0.1833736880858241
0.7445098807307375
-0.08869636966287119
1.2346537711800183
-1.423245640043269
-2.1937952329103174
0.6487695301988815
-0.40747162299566525
0.9999999403953552
0.9999999403953552
0.9999999403953552
0.3981762887134366
0.9999999403953552
0.9999999403953552
0.9999999403953552
0.9999999403953552
0.9999999403953552
0.9999999403953552
0.9999999403953552
0.9999999403953552
0.9999999403953552
0.9999999403953552
0.9999999403953552
0.9999999403953552
0.4999999701976776
0.2000000327825539
0.09523812901406324
0.2857144817446725
-0.2857141530295956
-0.09523809174747294
-0.05714285622658755
-0.04081632268635892
-0.10714284302653561
-0.06122449386173477
-0.04285714328154591
-0.03296703337626526
-0.02678571154657442
-0.022556390683903936
-0.0194805191338773
-0.01714285756127032
-0.015306122556531677
-0.013824883566040069
-0.012605041789925026
0.8461538269711277
-0.03043991930671854
0.18337368814092372
0.7445098805916257
-0.08869636954900792
1.2346537708389882
-1.423245639433597
-2.1937952321083127
0.6487695299930925
-0.4074716228102892
0.9999999403953552
0.9999999403953552
0.9999999403953552
0.3421052192386842
-0.08396947508636377
0.11246199555127366
0.3339126671163475
0.9999999403953552
0.9999999403953552
0.9999999403953552
0.9999999403953552
0.9999999403953552
0.9999999403953552
0.9999999403953552
0.9999999403953552
0.9999999403953552
0.9999999403953552
0.9999999403953552
0.9999999403953552
-2.9802322387695312e-08
1.1920930198527796e-08
5.67663451060228e-09
1.702990917651435e-08
-1.702988958357012e-08
-5.676632289340536e-09
-3.4059794438247746e-09
-2.432842269749442e-09
8.514948699316649e-09
4.8656859352256e-09
3.405979962200992e-09
2.6199845928862977e-09
2.128737237607998e-09
1.7926209916570692e-09
1.5481726672115642e-09
1.3623920046414799e-09
1.216421411573353e-09
1.0987031052526975e-09
1.0017587844609631e-09
0.846153827240832
0.3479995147390425
0.4092132427910343
0.17432646439250632
0.37799561506040597
-0.16313124746861152
1.0756271245783757
1.0933953532300573
-0.19470161721246831
0.35233255419666376
0.9999999403953552
0.9999999403953552
-4.58497284583359e-09
0.34210523806120186
-0.08396946507642396
0.11246200587791348
-0.06702055033481676
0.1201369569254865
0.9999999403953552
0.9999999403953552
0.9999999403953552
0.9999999403953552
0.9999999403953552
0.9999999403953552
0.9999999403953552
0.9999999403953552
0.9999999403953552
0.9999999403953552
0.9999999403953552
0.9999999403953552
-2.9802322387695312e-08
1.419158395032382e-08
1.702990881254215e-08
-1.7029889219598343e-08
-5.676632168016558e-09
-3.405979371030387e-09
-2.432842217753455e-09
8.514948676568404e-09
4.865685922226601e-09
3.4059799531016926e-09
2.6199845858868364e-09
2.1287372319209364e-09
1.7926209868679644e-09
1.5481726630755192e-09
1.3623920010017603e-09
1.2164214083236032e-09
1.0987031023174399e-09
1.0017587817846988e-09
0.846153827240832
0.3479995147390425
0.4092132427910343
0.17432646439250632
0.37799561506040597
-0.16313124746861152
1.0756271245783757
1.0933953532300573
-0.19470161721246831
0.35233255419666376
0.9999999403953552
0.9999999403953552
-1.728989751370591e-08
0.39817630755502803
0.08436294694431391
-0.1071357987489152
0.24757406932916173
0.9999999403953552
0.9999999403953552
0.9999999403953552
0.9999999403953552
0.1024422062967889
0.3381133579893418
0.9999999403953552
0.9999999403953552
0.9999999403953552
0.9999999403953552
0.9999999403953552
0.9999999403953552
0.9999999403953552
0.9999999403953552
0.9999999403953552
0.9999999403953552
0.9999999403953552
0.846153827240832
-0.05263151493873761
0.5038168281661088
-0.2765957466235933
0.015448277311787972
0.011581165987433004
0.04145809828693543
0.03323098930433522
0.9999999403953552
0.9999999403953552
0.9999999403953552
-1.8450862171448534e-08
0.9999999403953552
0.9999999403953552
0.9999999403953552
0.9999999403953552
0.9999999403953552
0.9999999403953552
0.9999999403953552
0.9999999403953552
0.9999999403953552
0.9999999403953552
0.9999999403953552
0.846153827240832
0.28947372469100785
0.41984734807477403
0.2340425680775323
-0.04960225993682085
-0.03718553814585649
-0.11199484443712968
-0.08977009909666979
0.698233314352574
0.9999999403953552
0.9999999403953552
0.9999999403953552
0.9999999403953552
0.23818266462190874
0.2152410041988118
-0.14158660670590123
-0.1431547493673771
-0.202998588065297
-0.07880866208497106
-0.030035584909812733
-0.07652078518443066
0.9999999403953552
0.9999999403953552
0.9999999403953552
0.9999999403953552
0.9999999403953552
0.9999999403953552
0.9999999403953552
0.9999999403953552
0.9999999403953552
0.9999999403953552
0.9999999403953552
0.846153827240832
-0.05263151493873761
0.5038168281661088
-0.2765957466235933
0.015448269611289457
0.011581160214567504
0.04145810336887293
0.033230993377790785
-0.08819086284212937
1.2431979181349877
0.9999999403953552
0.9999999403953552
0.9999999403953552
-3.638461620880662e-08
1.4091075656328696e-08
-1.82560694344437e-08
5.2012716979414714e-08
6.047408309308945e-08
-1.3395382008488972e-08
1.6439663458781587e-08
0.9999999403953552
0.9999999403953552
0.9999999403953552
0.9999999403953552
0.9999999403953552
0.9999999403953552
0.9999999403953552
0.9999999403953552
0.9999999403953552
0.9999999403953552
0.9999999403953552
0.846153827240832
0.28947372469100785
0.41984734807477403
0.2340425680775323
-0.0496022599368213
-0.03718553814585681
-0.1119948444371294
-0.08977009909666958
0.3795488667390367
-0.1691519295172936
1.8168028318020872
0.9999999403953552
0.9999999403953552
0.9999999403953552
0.9999999403953552
0.076923075203712
0.03163631965282054
-0.20098146065358505
-0.19939314399700153
-0.14158657994493654
-0.14315478513823104
-0.20299848820921693
-0.07880854545492309
-0.030035610904042435
-0.07652075366453734
0.9999999403953552
0.9999999403953552
0.9999999403953552
0.9999999403953552
0.9999999403953552
0.9999999403953552
0.9999999403953552
0.9999999403953552
0.9999999403953552
0.9999999403953552
0.9999999403953552
0.846153827240832
-0.05263151493873761
0.5038168281661088
-0.2765957466235933
0.015448259516124352
0.011581152646481943
0.04145812303967518
0.03323100914503302
-0.08819086603755649
1.2431979277836465
-1.4519043786476638
-2.1348981638020277
0.9999999403953552
0.9999999403953552
0.9999999403953552
-4.58497284583359e-09
2.2628054452778424e-08
1.2411578549610636e-08
-1.4940905301978248e-09
1.4091073449538833e-08
-1.8256066640941506e-08
5.201270889791752e-08
6.047407372846474e-08
-1.3395379943700981e-08
1.6439660901981068e-08
0.9999999403953552
0.9999999403953552
0.9999999403953552
0.9999999403953552
0.9999999403953552
0.9999999403953552
0.9999999403953552
0.9999999403953552
0.9999999403953552
0.9999999403953552
0.9999999403953552
0.846153827240832
0.28947372469100785
0.41984734807477403
0.2340425680775323
-0.04960225993682051
-0.03718553814585624
-0.11199484443713102
-0.08977009909667089
0.3795488667390369
-0.1691519295172943
1.098745105199921
1.0751591116252834
-0.08812283732467223
0.9999999403953552
0.9999999403953552
0.9999999403953552
0.9999999403953552
0.9999999403953552
0.9999999403953552
0.9999999403953552
0.9999999403953552
0.9999999403953552
0.9999999403953552
0.9999999403953552
0.9999999403953552
0.9999999403953552
0.9999999403953552
0.9999999403953552
0.9999999403953552
0.9999999403953552
0.9999999403953552
0.9999999403953552
0.9999999403953552
0.9999999403953552
0.9999999403953552
0.9999999403953552
0.9999999403953552
0.9999999403953552
0.9999999403953552
0.9999999403953552
0.9999999403953552
0.9999999403953552
0.923076902444544
0.9999999403953552
0.9999999403953552
0.9999999403953552
0.9999999403953552
0.9999999403953552
0.9999999403953552
0.9999999403953552
0.9999999403953552
0.9999999403953552
0.9999999403953552
0.9999999403953552
0.9999999403953552
0.9999999403953552
0.9999999403953552
0.846153827240832
0.28947372469100785
0.9999999403953552
0.9999999403953552
0.9999999403953552
0.9999999403953552
0.9999999403953552
0.9999999403953552
0.9999999403953552
0.9999999403953552
0.9999999403953552
0.9999999403953552
0.9999999403953552
0.9999999403953552
0.9999999403953552
0.9999999403953552
0.9999999403953552
0.846153827240832
-0.05263151493873761
0.7938931560815182
0.9999999403953552
0.7067799742948999
0.33582547848888883
-0.030035579881932437
-0.0765207936621081
0.9999999403953552
0.9999999403953552
0.9999999403953552
0.9999999403953552
0.9999999403953552
0.9999999403953552
0.9999999403953552
0.9999999403953552
0.9999999403953552
0.9999999403953552
0.9999999403953552
0.846153827240832
-0.05263151493873761
0.5038168281661088
-0.2765957466235933
0.01544827089968126
0.011581161180441665
0.04145809716859025
0.03323098840791926
-0.08819086126747933
1.2431979133802993
-1.451904352635773
-2.1348981310654014
0.6430565118538144
-0.40383007970002044
0.9999999403953552
0.9999999403953552
0.9999999403953552
0.3981762887134366
0.9999999403953552
0.31753642454526165
0.2714794206151852
-0.20299861310220976
-0.07880869224395995
-0.030035577912490664
-0.07652079301537669
0.9999999403953552
0.9999999403953552
0.9999999403953552
0.9999999403953552
0.9999999403953552
0.9999999403953552
0.9999999403953552
0.9999999403953552
0.9999999403953552
0.9999999403953552
0.9999999403953552
0.846153827240832
-0.05263151493873761
0.5038168281661088
-0.2765957466235933
0.015448272511180777
0.011581162388541262
0.04145809873153362
0.0332309896607053
-0.08819086224463388
1.2431979163308375
-1.4519043579643318
-2.134898137771529
0.6430565135997014
-0.4038300812786088
0.9999999403953552
0.9999999403953552
0.9999999403953552
0.3421052192386842
-0.08396947508636377
0.11246199555127366
0.3324138591256165
0.9999999403953552
-5.314659645705433e-08
5.201271846782764e-08
6.047408476110429e-08
-1.3395382359074622e-08
1.6439663934140143e-08
0.9999999403953552
0.9999999403953552
0.9999999403953552
0.9999999403953552
0.9999999403953552
0.9999999403953552
0.9999999403953552
0.9999999403953552
0.9999999403953552
0.9999999403953552
0.9999999403953552
0.846153827240832
0.28947372469100785
0.41984734807477403
0.2340425680775323
-0.049602259936821415
-0.03718553814585691
-0.11199484443712908
-0.08977009909666932
0.3795488667390366
-0.1691519295172933
1.0987451051999193
1.0751591116252812
-0.19265626014104933
0.3518009718144574
0.9999999403953552
0.9999999403953552
-4.58497284583359e-09
0.34210523806120186
-0.08396946507642396
0.11246200587791348
-0.06670748045507116
0.12126682981986482
0.9999999403953552
2.558356015924801e-08
-1.3395383172747683e-08
1.643966475011733e-08
0.9999999403953552
0.9999999403953552
0.9999999403953552
0.9999999403953552
0.9999999403953552
0.9999999403953552
0.9999999403953552
0.9999999403953552
0.9999999403953552
0.9999999403953552
0.9999999403953552
0.846153827240832
0.28947372469100785
0.41984734807477403
0.2340425680775323
-0.04960225993682179
-0.037185538145857185
-0.11199484443712865
-0.08977009909666896
0.3795488667390366
-0.1691519295172932
1.0987451051999189
1.0751591116252808
-0.19265626014104908
0.35180097181445724
0.9999999403953552
0.9999999403953552
-1.728989751370591e-08
0.39817630755502803
0.0856924673796451
-0.10701825440320757
0.24756508906349434
0.9999999403953552
0.9999999403953552
0.9999999403953552
0.9999999403953552
0.10453342023292622
0.33777712111784886
0.9999999403953552
0.9999999403953552
0.9999999403953552
0.9999999403953552
0.9999999403953552
0.9999999403953552
0.9999999403953552
0.9999999403953552
0.9999999403953552
0.9999999403953552
0.9999999403953552
0.846153827240832
-0.05263151493873761
0.5038168281661088
-0.2765957466235933
0.015565879576866877
0.011682456258725946
0.04142876464347647
0.03320771464811973
0.9999999403953552
0.9999999403953552
0.9999999403953552
-1.850258612989819e-08
0.9999999403953552
0.9999999403953552
0.9999999403953552
0.9999999403953552
0.9999999403953552
0.9999999403953552
0.9999999403953552
0.9999999403953552
0.9999999403953552
0.9999999403953552
0.9999999403953552
0.846153827240832
0.28947372469100785
0.41984734807477403
0.2340425680775323
-0.049935309756373905
-0.037477328232172785
-0.11190677135664362
-0.0897001463378485
0.6983127995062921
0.9999999403953552
0.9999999403953552
0.9999999403953552
0.9999999403953552
0.7180577088560014
0.3351048624540764
-0.03051189282207668
-0.07644882322244485
0.9999999403953552
0.9999999403953552
0.9999999403953552
0.9999999403953552
0.9999999403953552
0.9999999403953552
0.9999999403953552
0.9999999403953552
0.9999999403953552
0.9999999403953552
0.9999999403953552
0.846153827240832
-0.05263151493873761
0.5038168281661088
-0.2765957466235933
0.015565872160479857
0.011682450692596892
0.04142875228520138
0.03320770474220358
-0.08817601704279349
1.2434514072174632
0.9999999403953552
0.9999999403953552
0.9999999403953552
2.44536462190581e-08
-1.3301862490956927e-08
1.6412271782602935e-08
0.9999999403953552
0.9999999403953552
0.9999999403953552
0.9999999403953552
0.9999999403953552
0.9999999403953552
0.9999999403953552
0.9999999403953552
0.9999999403953552
0.9999999403953552
0.9999999403953552
0.846153827240832
0.28947372469100785
0.41984734807477403
0.2340425680775323
-0.04993530975637612
-0.037477328232174444
-0.11190677135664079
-0.08970014633784622
0.3795945858704223
-0.1693305859900424
1.8178350035251747
0.9999999403953552
0.9999999403953552
0.9999999403953552
0.9999999403953552
0.318684439737531
0.2710248517421058
-0.20605732452073394
-0.07912111284587246
-0.0305118940631584
-0.07644881572097549
0.9999999403953552
0.9999999403953552
0.9999999403953552
0.9999999403953552
0.9999999403953552
0.9999999403953552
0.9999999403953552
0.9999999403953552
0.9999999403953552
0.9999999403953552
0.9999999403953552
0.846153827240832
-0.05263151493873761
0.5038168281661088
-0.2765957466235933
0.01556587333841345
0.011682451576656996
0.04142875924299961
0.03320771031930595
-0.088176019593531
1.2434514149213165
-1.452765466097273
-2.133210797480106
0.9999999403953552
0.9999999403953552
0.9999999403953552
-5.353255261297818e-08
5.3208345291549286e-08
5.936849938791349e-08
-1.3301860484528979e-08
1.6412269662857357e-08
0.9999999403953552
0.9999999403953552
0.9999999403953552
0.9999999403953552
0.9999999403953552
0.9999999403953552
0.9999999403953552
0.9999999403953552
0.9999999403953552
0.9999999403953552
0.9999999403953552
0.846153827240832
0.28947372469100785
0.41984734807477403
0.2340425680775323
-0.049935309756375244
-0.037477328232173784
-0.111906771356642
-0.0897001463378472
0.37959458587042244
-0.16933058599004278
1.0994391994071142
1.0746366780840693
-0.08800190096432167
0.9999999403953552
0.9999999403953552
0.9999999403953552
0.9999999403953552
0.9999999403953552
0.9999999403953552
0.9999999403953552
0.9999999403953552
0.9999999403953552
0.9999999403953552
0.9999999403953552
0.9999999403953552
0.9999999403953552
0.9999999403953552
0.9999999403953552
0.9999999403953552
0.9999999403953552
0.9999999403953552
0.9999999403953552
0.9999999403953552
0.9999999403953552
0.9999999403953552
0.9999999403953552
0.9999999403953552
0.9999999403953552
0.9999999403953552
0.9999999403953552
0.9999999403953552
0.9999999403953552
0.923076902444544
0.9999999403953552
0.9999999403953552
0.9999999403953552
0.9999999403953552
0.9999999403953552
0.9999999403953552
0.9999999403953552
0.9999999403953552
0.9999999403953552
0.9999999403953552
0.9999999403953552
0.9999999403953552
0.9999999403953552
0.9999999403953552
0.846153827240832
0.28947372469100785
0.9999999403953552
0.9999999403953552
0.9999999403953552
0.9999999403953552
0.9999999403953552
0.9999999403953552
0.9999999403953552
0.9999999403953552
0.9999999403953552
0.9999999403953552
0.9999999403953552
0.9999999403953552
0.9999999403953552
0.9999999403953552
0.9999999403953552
0.846153827240832
-0.05263151493873761
0.7938931560815182
0.9999999403953552
0.076923075203712
0.026315793153727954
-0.2519083871813391
-0.060790261091943104
0.012883699081621142
-0.024417528569246873
-0.03185059442965538
0.031484383352618835
-0.14208998470291626
-0.14320116465341678
-0.20605718401093287
-0.07912095327261767
-0.030511930710954146
-0.07644877261932417
0.9999999403953552
0.9999999403953552
0.9999999403953552
0.9999999403953552
0.9999999403953552
0.9999999403953552
0.9999999403953552
0.9999999403953552
0.9999999403953552
0.9999999403953552
0.9999999403953552
0.846153827240832
-0.05263151493873761
0.5038168281661088
-0.2765957466235933
0.01556585860215743
0.011682440516837691
0.04142878560004605
0.03320773144609595
-0.0881760234969391
1.2434514267105667
-1.4527654873946712
-2.1332108242486503
0.6428901658128982
-0.40372379448176215
0.9999999403953552
0.9999999403953552
0.9999999403953552
0.3421052192386842
-0.08396947508636377
0.11246199555127366
0.9999999403953552
-1.728989751370591e-08
1.884159143955275e-08
-3.993228355425167e-09
-9.625262030793525e-10
-5.383826337815906e-09
-7.71376191538552e-09
1.415365183352759e-08
-1.861769552823792e-08
5.3208345567144346e-08
5.936850006740329e-08
-1.3301860755774002e-08
1.6412269716067682e-08
0.9999999403953552
0.9999999403953552
0.9999999403953552
0.9999999403953552
0.9999999403953552
0.9999999403953552
0.9999999403953552
0.9999999403953552
0.9999999403953552
0.9999999403953552
0.9999999403953552
0.846153827240832
0.28947372469100785
0.41984734807477403
0.2340425680775323
-0.04993530975637542
-0.037477328232173916
-0.11190677135664207
-0.08970014633784723
0.37959458587042255
-0.16933058599004328
1.0994391994071155
1.0746366780840708
-0.19259656754852517
0.35178547006667016
0.9999999403953552
0.9999999403953552
-1.728989751370591e-08
0.39817630755502803
-0.06669827458983536
0.9999999403953552
-4.58497284583359e-09
1.882251768752777e-08
1.0009939796025464e-08
1.0326639829269448e-08
-2.1885959641358475e-09
-3.6718278305489015e-09
-8.573856644379391e-09
-3.474098619478225e-09
1.4153649183969671e-08
-1.8617691593514212e-08
5.320833515978717e-08
5.936848824981173e-08
-1.330185804228664e-08
1.6412266523439756e-08
0.9999999403953552
0.9999999403953552
0.9999999403953552
0.9999999403953552
0.9999999403953552
0.9999999403953552
0.9999999403953552
0.9999999403953552
0.9999999403953552
0.9999999403953552
0.9999999403953552
0.846153827240832
0.28947372469100785
0.41984734807477403
0.2340425680775323
-0.049935309756374335
-0.03747732823217311
-0.111906771356644
-0.0897001463378488
0.3795945858704227
-0.16933058599004389
1.0994391994071164
1.0746366780840721
-0.1925965675485255
0.3517854700666706
0.9999999403953552
0.9999999403953552
-4.58497284583359e-09
0.34210523806120186
-0.08396946507642396
0.11246200587791348
0.08573157997731634
0.21492454886493154
0.9999999403953552
0.2900763279154095
0.08206685818990062
-0.01739299497157265
0.0210370254522453
0.02166924399584624
-0.03964530220539738
-0.14209001244690841
-0.14320113570034176
-0.20605728081428173
-0.0791210578384191
-0.030511908384411996
-0.07644880277307066
0.9999999403953552
0.9999999403953552
0.9999999403953552
0.9999999403953552
0.9999999403953552
0.9999999403953552
0.9999999403953552
0.9999999403953552
0.9999999403953552
0.9999999403953552
0.9999999403953552
0.846153827240832
-0.05263151493873761
0.5038168281661088
-0.2765957466235933
0.01556586649855739
0.011682446443224746
0.04142876563235658
0.03320771544076755
-0.08817601955957952
1.2434514148187747
-1.4527654659120302
-2.133210797247275
0.6428901587803657
-0.4037237881224228
0.9999999403953552
0.9999999403953552
0.9999999403953552
0.3981762887134366
0.33236995403647374
0.23817283255632987
-0.2758200250151674
0.9999999403953552
0.9999999403953552
0.9999999403953552
0.9999999403953552
0.10459466400178252
0.3377672383364561
0.9999999403953552
0.9999999403953552
0.9999999403953552
0.9999999403953552
0.9999999403953552
0.9999999403953552
0.9999999403953552
0.9999999403953552
0.9999999403953552
0.9999999403953552
0.9999999403953552
0.846153827240832
-0.05263151493873761
0.5038168281661088
-0.2765957466235933
0.015569323416387677
0.04301420072331651
0.030114768002726663
0.011211072766101834
0.9999999403953552
0.9999999403953552
0.9999999403953552
-1.85041013622822e-08
0.9999999403953552
0.9999999403953552
0.9999999403953552
0.9999999403953552
0.9999999403953552
0.9999999403953552
0.9999999403953552
0.9999999403953552
0.9999999403953552
0.9999999403953552
0.9999999403953552
0.846153827240832
0.28947372469100785
0.41984734807477403
0.2340425680775323
-0.049945106455689385
-0.11759934566624632
-0.07971214388714884
-0.03620455544128357
0.6983151806234221
0.9999999403953552
0.9999999403953552
0.9999999403953552
0.9999999403953552
0.7183957863810164
0.33508397432791975
-0.030525847464576483
-0.07644670507625016
0.9999999403953552
0.9999999403953552
0.9999999403953552
0.9999999403953552
0.9999999403953552
0.9999999403953552
0.9999999403953552
0.9999999403953552
0.9999999403953552
0.9999999403953552
0.9999999403953552
0.846153827240832
-0.05263151493873761
0.5038168281661088
-0.2765957466235933
0.015569323561621806
0.04301419025352526
0.030114759275248804
0.011211072998863848
-0.088175582987998
1.2434590526034988
0.9999999403953552
0.9999999403953552
0.9999999403953552
2.4421261457518995e-08
-1.3299136156233691e-08
1.6411473885361832e-08
0.9999999403953552
0.9999999403953552
0.9999999403953552
0.9999999403953552
0.9999999403953552
0.9999999403953552
0.9999999403953552
0.9999999403953552
0.9999999403953552
0.9999999403953552
0.9999999403953552
0.846153827240832
0.28947372469100785
0.41984734807477403
0.2340425680775323
-0.04994510645569049
-0.11759934566624497
-0.07971214388714731
-0.03620455544128441
0.3795959537088546
-0.16933591176253013
1.81786561546497
0.9999999403953552
0.9999999403953552
0.9999999403953552
0.9999999403953552
0.31871820576678367
0.2710114018345237
-0.2061489561043476
-0.07912994798315566
-0.030525856518467114
-0.07644668889599762
0.9999999403953552
0.9999999403953552
0.9999999403953552
0.9999999403953552
0.9999999403953552
0.9999999403953552
0.9999999403953552
0.9999999403953552
0.9999999403953552
0.9999999403953552
0.9999999403953552
0.846153827240832
-0.05263151493873761
0.5038168281661088
-0.2765957466235933
0.015569321455285274
0.04301420159276349
0.030114769419678295
0.011211071279826085
-0.08817558616607317
1.2434590622021344
-1.4527911341698967
-2.1331609959944493
0.9999999403953552
0.9999999403953552
0.9999999403953552
-5.3543999456451274e-08
5.324425129645003e-08
5.9336829323034244e-08
-1.3299133863581266e-08
1.6411471354641646e-08
0.9999999403953552
0.9999999403953552
0.9999999403953552
0.9999999403953552
0.9999999403953552
0.9999999403953552
0.9999999403953552
0.9999999403953552
0.9999999403953552
0.9999999403953552
0.9999999403953552
0.846153827240832
0.28947372469100785
0.41984734807477403
0.2340425680775323
-0.04994510645568952
-0.11759934566624626
-0.07971214388714874
-0.036204555441283676
0.37959595370885474
-0.16933591176253063
1.0994597977674518
1.0746212391331678
-0.08799834248866756
0.9999999403953552
0.9999999403953552
0.9999999403953552
0.3421052192386842
-0.08396947508636377
0.11246199555127366
0.9999999403953552
0.076923075203712
0.026315793153727954
-0.2519083871813391
-0.060790261091943104
0.012970205508070749
-0.02453202464925089
-0.03182430963978152
0.03145752468955358
-0.14210478953945707
-0.143202560798115
-0.20614885679073475
-0.07912983804277464
-0.03052588092305951
-0.07644665822138479
0.9999999403953552
0.9999999403953552
0.9999999403953552
0.9999999403953552
0.9999999403953552
0.9999999403953552
0.9999999403953552
0.9999999403953552
0.9999999403953552
0.9999999403953552
0.9999999403953552
0.846153827240832
-0.05263151493873761
0.5038168281661088
-0.2765957466235933
0.015569312186874433
0.04301421890260869
0.030114787055286127
0.011211064099851483
-0.08817558955359125
1.2434590724333436
-1.4527911526528434
-2.133161019224636
0.6428852711262174
-0.40372069987935166
0.9999999403953552
0.9999999403953552
-1.728989751370591e-08
0.39817630755502803
0.9999999403953552
-1.728989751370591e-08
1.884159143955275e-08
-4.020040524262443e-09
-9.746748454746334e-10
-5.379666235426209e-09
-7.707612459237235e-09
1.4155494464840255e-08
-1.8628427459222926e-08
5.324425263054489e-08
5.9336830954831015e-08
-1.3299134275793804e-08
1.6411471753420836e-08
0.9999999403953552
0.9999999403953552
0.9999999403953552
0.9999999403953552
0.9999999403953552
0.9999999403953552
0.9999999403953552
0.9999999403953552
0.9999999403953552
0.9999999403953552
0.9999999403953552
0.846153827240832
0.28947372469100785
0.41984734807477403
0.2340425680775323
-0.04994510645568971
-0.11759934566624607
-0.0797121438871485
-0.03620455544128382
0.37959595370885474
-0.16933591176253054
1.0994597977674516
1.0746212391331678
-0.1925948121132372
0.3517850450789991
-0.06669799571920028
0.9999999403953552
0.9999999403953552
-4.58497284583359e-09
0.34210523806120186
-0.08396946507642396
0.11246200587791348
0.9999999403953552
-4.58497284583359e-09
1.882251768752777e-08
1.0009939796025464e-08
1.0326639829269448e-08
-2.2032910928096846e-09
-3.6960443678431785e-09
-8.567040386702002e-09
-3.4715300117392495e-09
1.41554918189922e-08
-1.8628423562945683e-08
5.324424226643449e-08
5.933681921578976e-08
-1.3299131584165628e-08
1.6411468575086836e-08
0.9999999403953552
0.9999999403953552
0.9999999403953552
0.9999999403953552
0.9999999403953552
0.9999999403953552
0.9999999403953552
0.9999999403953552
0.9999999403953552
0.9999999403953552
0.9999999403953552
0.846153827240832
0.28947372469100785
0.41984734807477403
0.2340425680775323
-0.04994510645568863
-0.11759934566624776
-0.07971214388715028
-0.036204555441282996
0.379595953708855
-0.16933591176253143
1.0994597977674536
1.07462123913317
-0.19259481211323776
0.35178504507899955
0.08573274227379121
0.21492440700357104
0.9999999403953552
0.9999999403953552
0.9999999403953552
0.3981762887134366
0.9999999403953552
0.2900763279154095
0.08206685818990062
-0.01750977865541335
0.02112499516035902
0.021650965849401394
-0.039612084200828096
-0.14210481735508948
-0.14320253114527298
-0.20614895450280216
-0.07912994376489112
-0.030525858243688427
-0.07644668861087346
0.9999999403953552
0.9999999403953552
0.9999999403953552
0.9999999403953552
0.9999999403953552
0.9999999403953552
0.9999999403953552
0.9999999403953552
0.9999999403953552
0.9999999403953552
0.9999999403953552
0.846153827240832
-0.05263151493873761
0.5038168281661088
-0.2765957466235933
0.015569320277413291
0.0430142008871173
0.03011476925325261
0.011211070401620981
-0.08817558565172258
1.243459060648658
-1.4527911313635014
-2.1331609924672468
0.6428852641571453
-0.4037206935773774
0.3323686550756046
0.23817366712675542
-0.27581905577546995
0.9999999403953552
0.9999999403953552
0.9999999403953552
0.9999999403953552
0.9999999403953552
0.9999999403953552
0.9999999403953552
0.9999999403953552
0.9999999403953552
0.9999999403953552
0.9999999403953552
0.9999999403953552
0.9999999403953552
0.9999999403953552
0.846153827240832
-0.05263151493873761
0.5038168281661088
-0.2765957466235933
0.9999999403953552
0.10459646704217951
0.3377669766641047
0.015569433096262094
0.04301418274537393
0.03011473368416005
0.011211129714079568
0.9999999403953552
0.9999999403953552
0.9999999403953552
0.9999999403953552
0.9999999403953552
0.9999999403953552
0.9999999403953552
0.9999999403953552
0.9999999403953552
0.9999999403953552
0.9999999403953552
0.9999999403953552
0.9999999403953552
0.846153827240832
0.28947372469100785
0.41984734807477403
0.2340425680775323
0.9999999403953552
-1.8504147547560024e-08
-0.049945395918665
-0.11759933724252948
-0.07971208577547918
-0.0362047090427271
0.6983152500688229
0.9999999403953552
0.9999999403953552
0.9999999403953552
0.9999999403953552
0.9999999403953552
0.9999999403953552
0.9999999403953552
0.9999999403953552
0.9999999403953552
0.9999999403953552
0.9999999403953552
0.9999999403953552
0.9999999403953552
0.9999999403953552
0.846153827240832
-0.05263151493873761
0.5038168281661088
-0.2765957466235933
0.9999999403953552
0.7184057999607418
0.3350833545565994
-0.03052625890903102
-0.07644664551876708
0.01556942468850749
0.04301419357672749
0.030114745645649966
0.011211123258250097
-0.08817556899652657
1.243459207908921
0.9999999403953552
0.9999999403953552
0.9999999403953552
0.9999999403953552
0.9999999403953552
0.9999999403953552
0.9999999403953552
0.9999999403953552
0.9999999403953552
0.9999999403953552
0.9999999403953552
0.9999999403953552
0.9999999403953552
0.846153827240832
0.28947372469100785
0.41984734807477403
0.2340425680775323
0.9999999403953552
2.442030222482572e-08
-1.3299054927364061e-08
1.641145072098211e-08
-0.04994539591866472
-0.11759933724253024
-0.07971208577547988
-0.03620470904272687
0.3795959933519401
-0.16933606048920088
1.8178666692856011
0.9999999403953552
0.9999999403953552
0.9999999403953552
0.9999999403953552
0.9999999403953552
0.9999999403953552
0.9999999403953552
0.9999999403953552
0.9999999403953552
0.9999999403953552
0.9999999403953552
0.9999999403953552
0.9999999403953552
0.9999999403953552
0.846153827240832
-0.05263151493873761
0.5038168281661088
-0.2765957466235933
0.9999999403953552
0.31871921904568445
0.271011007067406
-0.20615167134458787
-0.07913020748034243
-0.030526268708157313
-0.07644663518830193
0.015569420415728211
0.04301419849235465
0.030114751236493924
0.011211119984373193
-0.08817556956168297
1.2434592096158443
-1.452791941541387
-2.1331592450944674
0.9999999403953552
0.9999999403953552
0.9999999403953552
0.9999999403953552
0.9999999403953552
0.9999999403953552
0.9999999403953552
0.9999999403953552
0.9999999403953552
0.9999999403953552
0.9999999403953552
0.9999999403953552
0.9999999403953552
0.846153827240832
0.28947372469100785
0.41984734807477403
0.2340425680775323
0.9999999403953552
-5.354434406967812e-08
5.3245320835671636e-08
5.933589765898558e-08
-1.3299054704591997e-08
1.641145034105314e-08
-0.049945395918664655
-0.11759933724253048
-0.07971208577548014
-0.036204709042726844
0.3795959933519401
-0.169336060489201
1.0994604939602424
1.0746207097726095
-0.08799820865144138
0.9999999403953552
0.9999999403953552
0.9999999403953552
0.21348314204912455
0.9999999403953552
0.9999999403953552
0.9999999403953552
0.9999999403953552
0.9999999403953552
0.9999999403953552
0.9999999403953552
0.9999999403953552
0.9999999403953552
0.9999999403953552
0.9999999403953552
0.846153827240832
-0.05263151493873761
0.5038168281661088
-0.2765957466235933
0.9999999403953552
0.2900763279154095
0.08206685818990062
0.012972755796243638
-0.03674779200912821
0.035970323257535325
-0.016364223012396026
-0.14210526177688898
-0.14320257630132402
-0.2061516668216061
-0.07913020508962364
-0.030526268394895723
-0.0764466335671532
0.015569421093871176
0.04301420033424558
0.03011475252195738
0.011211120473058422
-0.08817557032467617
1.2434592119202879
-1.4527919457044256
-2.1331592503267527
0.6428850480444653
-0.4037205576708274
0.9999999403953552
0.9999999403953552
0.9999999403953552
0.3421052192386842
0.011235941179927142
0.9999999403953552
0.9999999403953552
0.9999999403953552
0.9999999403953552
0.9999999403953552
0.9999999403953552
0.9999999403953552
0.9999999403953552
0.9999999403953552
0.9999999403953552
0.9999999403953552
0.846153827240832
-0.05263151493873761
0.5038168281661088
-0.2765957466235933
0.9999999403953552
0.076923075203712
0.026315793153727954
-0.2519083871813391
-0.060790261091943104
-0.017513219552646214
0.02605694157392499
-0.043216882645636265
0.013072900151606814
-0.14210523404761408
-0.1432026050360724
-0.20615157023321232
-0.07913010099057845
-0.030526290593068148
-0.07644660349318368
0.015569413266298661
0.04301421830475148
0.030114770193333532
0.011211114369718155
-0.08817557427551008
1.243459223852865
-1.4527919672609435
-2.1331592774199057
0.642885055100991
-0.4037205640518848
0.34054820513111966
0.9999999403953552
0.9999999403953552
-4.58497284583359e-09
0.34210523806120186
0.011235952565083467
0.9999999403953552
0.9999999403953552
0.9999999403953552
0.9999999403953552
0.9999999403953552
0.9999999403953552
0.9999999403953552
0.9999999403953552
0.9999999403953552
0.9999999403953552
0.9999999403953552
0.846153827240832
0.28947372469100785
0.41984734807477403
0.2340425680775323
0.9999999403953552
-4.58497284583359e-09
1.882251768752777e-08
1.0009939796025464e-08
1.0326639829269448e-08
-4.020828324101188e-09
-5.456351761218639e-09
-7.327141592363707e-09
-1.3787537929622191e-09
1.4155546853749191e-08
-1.8628743640425275e-08
5.32453082903571e-08
5.933588330984864e-08
-1.3299051370310538e-08
1.6411446505898803e-08
-0.049945395918663295
-0.11759933724253249
-0.07971208577548228
-0.03620470904272578
0.3795959933519402
-0.1693360604892017
1.0994604939602444
1.0746207097726117
-0.192594737880652
0.35178500434897114
-0.043386032940295284
0.12670284399978407
0.9999999403953552
0.9999999403953552
0.21348314204912455
0.9999999403953552
0.9999999403953552
0.9999999403953552
0.9999999403953552
0.9999999403953552
0.9999999403953552
0.9999999403953552
0.9999999403953552
0.9999999403953552
0.9999999403953552
0.9999999403953552
0.846153827240832
0.28947372469100785
0.41984734807477403
0.2340425680775323
0.9999999403953552
-1.728989751370591e-08
1.884159143955275e-08
-2.20372368250518e-09
-9.199809202621754e-09
-2.6072160505243796e-09
-3.133343086850884e-09
1.4155549504761283e-08
-1.8628747591522474e-08
5.3245318721767766e-08
5.933589514534791e-08
-1.3299054090595993e-08
1.6411449703032484e-08
-0.049945395918664384
-0.11759933724253079
-0.07971208577548046
-0.03620470904272663
0.3795959933519401
-0.169336060489201
1.0994604939602424
1.0746207097726093
-0.19259473788065132
0.35178500434897053
0.12040133048570512
-0.09841246531702662
0.2864871340020602
0.9999999403953552
0.9999999403953552
0.9999999403953552
0.9999999403953552
0.9999999403953552
0.9999999403953552
0.9999999403953552
0.9999999403953552
0.9999999403953552
0.9999999403953552
0.9999999403953552
0.9999999403953552
0.9999999403953552
0.9999999403953552
0.846153827240832
-0.05263151493873761
0.14606744865272217
0.9999999403953552
0.10459652664682073
0.33776693511459727
-0.07179830501743384
-0.009482045334085696
-0.07317767052543901
-0.12407281030257787
0.9999999403953552
0.9999999403953552
0.9999999403953552
0.9999996423721313
-0.5000002450405886
-1.0000003178903059
-5.960465661766928e-08
-3.5527062115880452e-15
-0.40000006556510925
-0.6666668250447287
-2.000001138051488
1.9999988370462187
0.6666665641786272
0.3999999467539019
0.28571422535293584
-0.24999997987105937
-0.1428571596635595
-0.10000000611393169
-0.07692308181922758
-0.062499996810959454
-0.052631580959104494
-0.045454546974649034
-0.04000000302576059
-0.03571428779511839
-0.032258063306886194
-0.029411765683449883
-1.5026380312985867e-09
-0.0017280250263665621
-0.0010312253858147293
0.00260356174825095
-0.002130996517450021
0.006382532752065302
-0.01141030930686592
-0.015009909299878318
0.003851440475809932
-0.0034694051720704855
0.0018307350655504015
0.0013724541196467911
-0.001706473955362847
-0.0013678342067322982
-8.95465214782046e-06
2.7039494704738623e-05
-4.883445018329925e-05
-6.145902113181655e-05
1.6000278885384278e-05
-1.4467254768693567e-05
7.641746950128027e-06
5.734161434315738e-06
-7.1395281151084274e-06
-5.7233127128560245e-06
-3.7392532346464413e-08
1.1289844347580794e-07
-2.0395754995282001e-07
-2.563466651755335e-07
6.669497919136484e-08
-6.039451062210379e-08
3.1903720684064446e-08
-2.3287583529676353e-08
-3.062793611736638e-08
2.4312782416314795e-08
-1.2535488783357244e-10
4.0045923655276973e-10
-7.870107338040658e-10
-9.78121297701438e-10
2.5222113900679203e-10
-2.3375598168761503e-10
1.004954391528778e-10
-9.630726372138634e-11
-1.1549651383988956e-10
1.1155421219064183e-10
1.8140414088843608e-12
-6.543090113452527e-12
1.1661983215241269e-11
1.483648096211159e-11
-5.946496538518692e-12
2.906211302730658e-12
-7.92156093330376e-13
-1.3190104641704494e-12
3.072376364384218e-13
-6.989311706959295e-14
6.145832665810242e-13
0.9999999403953552
0.9999999403953552
-1.000001072883606
1.9999998079399888
1.5232416930322108e-07
3.046482861488071e-07
1.8158450712665648e-14
1.0823255144897304e-21
-0.4112720787525177
-0.2454329404134727
0.6196513836145168
-0.507181242835979
1.5190540367573315
-2.7156699426644995
-3.572380633706852
0.9166490085757104
-0.8257232603407786
0.43571737531966215
0.326646103346399
-0.4061428276957173
-0.3255460663137962
-0.00213149539969024
0.006436102314402074
-0.01162336131436184
-0.014628295178509802
0.003808355698479962
-0.0034434271230348074
0.0018188103172891428
0.0013650494826267438
-0.0016993576142739315
-0.0013621392025564838
-8.917963019768733e-06
2.6937142529679787e-05
-4.8664657015206746e-05
-6.116608278299387e-05
1.593035024944232e-05
-1.4405928329275124e-05
7.610016222227937e-06
-5.544636153218116e-06
-7.297277467371536e-06
5.792862652970228e-06
-3.714352115507021e-08
1.1244923725744082e-07
-2.0335292572006938e-07
-2.555727248559028e-07
6.644611376389411e-08
-6.022677076998246e-08
3.199982186401546e-08
-2.322562410069887e-08
-3.061074265344709e-08
2.4347039834841164e-08
-1.0912069129852536e-10
4.094280877081275e-10
-8.11419367505831e-10
-1.0148594044702645e-09
2.5226199646512806e-10
-2.434000220889007e-10
1.3749006915402404e-10
1.1107306257740047e-10
-1.3456354475520347e-10
-1.023362347672649e-10
4.497913113497592e-12
0.3775140231435538
0.9999999403953552
0.9999999403953552
-1.000001072883606
1.0000001655678574
1.000000635783337
1.2848127569258062e-06
7.658079885027009e-14
4.56456081122824e-21
-0.3421052396297455
0.0839694800913348
-0.5106383147011255
0.10822309804205467
0.08113206196114775
0.24435241329247964
0.19586207211049175
-0.5094221481919027
1.5382107803327731
-2.777949465981389
-3.4961200869420344
0.9101869502338165
-0.8229687811498814
0.43468885805304014
0.3262416322899909
-0.40614067528111203
-0.32554666639326146
-0.002131771930110254
0.006438480956894719
-0.011631175885629471
-0.014619142063516305
0.00380756859674637
-0.00344308632451042
0.0018186650517553389
-0.0013251540959432742
-0.0017439920076433811
0.001384452313428294
-8.91963986799127e-06
2.6937692378679553e-05
-4.8665752464088504e-05
-6.116454149581218e-05
1.5930297213133084e-05
-1.4405891361799577e-05
7.609901949103555e-06
-5.54462775499547e-06
-7.2972346941106395e-06
5.792894213934901e-06
-3.7155210338541524e-08
1.1246151062610328e-07
-2.0302691445503623e-07
-2.552361804691131e-07
6.648321643645677e-08
-6.009679408207272e-08
3.045141456550887e-08
2.3176959598241884e-08
-3.0536122957153466e-08
-2.3863982696587077e-08
-8.027648303150648e-11
7.671067429435245e-06
0.18175190865550134
0.9999999403953552
0.9999999403953552
0.5000002384185791
-1.1920928955078125e-07
-1.0000002980231528
-2.999998980097924
0.9999995231624514
5.9604479232435614e-08
-0.3421052396297455
0.0839694800913348
-0.5106383147011255
0.10894975219717062
0.08176869480914965
0.2441602538848341
0.1957094479276703
-0.5094881329860043
1.5387791724899087
-2.7798198101009
-3.49393529355402
0.9099985530983382
-0.8228883956914277
0.4346586231272136
-0.3167079585130951
-0.41681005712379626
0.330880243281022
-0.002131783312733553
0.006438558808403543
-0.011631413248661326
-0.014618879298915022
0.0038075462776746465
-0.0034430783880710584
0.0018186651375774751
-0.0013251534814618885
-0.0017439926688101652
0.0013844551072599881
-8.919368786223253e-06
2.693787215152345e-05
-4.866701396565416e-05
-6.116598022696014e-05
1.5930898597636203e-05
-1.4406195964150276e-05
7.321795623432268e-06
5.629738426334726e-06
-7.339154030574812e-06
-5.7094277413979095e-06
-1.5105676255034896e-08
-0.3756878772156663
0.1359214250108643
0.1700584011565608
0.9999999403953552
0.9999999403953552
-1.1920928955078125e-07
-2.000000774860311
-1.9999995231627636
2.999998867510808
1.7881345546084806e-07
-0.3421052396297455
0.0839694800913348
-0.5106383147011255
0.10897111754510377
0.256580429293546
0.1739174238160139
0.07899174702251781
-0.5094901040816052
1.538796179239357
-2.77987539752609
-3.493870763855858
0.9099930116019834
-0.8228861008088143
0.4346577171912618
-0.3167076541531816
-0.4168097556036126
0.33088021050079147
-0.0021317726640830174
0.006438526319472597
-0.011631387221308952
-0.014618821179604667
0.0038075309343723685
-0.0034430683267370724
0.001749701893627915
0.0013455858937043467
-0.0017540639383706326
-0.001364440763277077
-3.6353798172010275e-06
-0.18784398587191614
0.06795711406363855
-0.013364417532800769
1.4247434021084973
0.9999999403953552
0.9999999403953552
-1.0000004768371582
1.1920932507790787e-07
-1.1920928955078125e-07
-1.0000002980231528
1290556.6346153538
3.076921849296065
0.9999977040714448
-0.3421052396297455
0.0839694800913348
-0.5106383147011255
0.1089717491006348
0.25658041091453604
0.17391729702695438
0.07899208215289673
-0.5094901607732815
1.5387965965222494
-2.7798771994311555
-3.4938684880787885
0.909992746832124
-0.8228859548213291
0.41817572736172925
0.32159462930422744
-0.41921759544221354
-0.32609761226549805
-0.0008689629338423316
-2.239218341802613e-08
8.228569184779866e-09
3.141731537813956e-08
-1.1845167412377045
0.43667180699944486
0.9999999403953552
0.9999999403953552
0.9999999403953552
0.9999999403953552
0.9999999403953552
0.9999999403953552
0.9999999403953552
0.9999999403953552
0.9999999403953552
0.9999999403953552
0.9999999403953552
0.9999999403953552
0.9999999403953552
0.9999999403953552
0.846153827240832
-0.05263151493873761
0.14606744865272217
0.9999999403953552
0.7184061575885892
0.33508334757397906
-0.030526277203510654
-0.07644663259709054
-0.07179831932305854
-0.009482056335709536
-0.07317766585594236
-0.12407280631762106
0.15570819641348552
-2.3175699611259463e-13
-2.9677845295357625e-13
-5.7233812470101724e-11
3.033093434268839e-08
-1.2954560390188433e-06
-0.00020074901103909687
0.9999999403953552
0.9999999403953552
0.9999999403953552
0.9999999403953552
0.9999999403953552
0.9999999403953552
0.9999999403953552
0.9999999403953552
0.9999999403953552
0.9999999403953552
0.9999999403953552
0.9999999403953552
0.9999999403953552
0.9999999403953552
0.846153827240832
-0.05263151493873761
0.14606744865272217
0.9999999403953552
0.31871924884800507
0.2710109806464908
-0.20615175564351668
-0.07913020609233941
-0.030526283519921076
-0.07644662259722963
-0.07179832108078922
-0.009482057687478096
-0.07317765883425006
-0.1240728010474371
0.15570819571989794
-2.000862508491292e-13
-6.182006314718412e-12
-5.884071671497179e-11
3.063999001493224e-08
-1.295866084016536e-06
-0.0002007495803789097
0.13472956220912644
0.9999999403953552
0.9999999403953552
0.9999999403953552
0.9999999403953552
0.9999999403953552
0.9999999403953552
0.9999999403953552
0.9999999403953552
0.9999999403953552
0.9999999403953552
0.9999999403953552
0.9999999403953552
0.9999999403953552
0.9999999403953552
0.846153827240832
-0.05263151493873761
0.14606744865272217
0.9999999403953552
0.2900763279154095
0.08206685818990062
0.01297283098144739
-0.03674780696952919
0.03597030815271013
-0.016364290197306678
-0.14210527490842936
-0.14320256951660956
-0.20615177225297032
-0.07913022694643114
-0.030526278094459885
-0.07644662751571281
-0.07179831859088703
-0.009482055772638972
-0.07317766134551716
-0.1240728030003283
0.15570819571673405
7.216168470284102e-14
9.55948454972722e-13
-3.7011728496500434e-11
3.0661281591735185e-08
-1.2955211050170503e-06
-0.00020074922828548983
0.1347295622066542
0.11873274292457456
0.9999999403953552
0.9999999403953552
0.9999999403953552
0.9999999403953552
0.9999999403953552
0.9999999403953552
0.9999999403953552
0.9999999403953552
0.9999999403953552
0.9999999403953552
0.9999999403953552
0.9999999403953552
0.9999999403953552
0.9999999403953552
0.846153827240832
-0.05263151493873761
0.14606744865272217
0.9999999403953552
0.076923075203712
0.026315793153727954
-0.2519083871813391
-0.060790261091943104
-0.017513321052666803
0.026056957300118515
-0.04321686225793217
0.013072953372750357
-0.14210524711447758
-0.14320259892047774
-0.20615167484051314
-0.07913012166284249
-0.030526300643484574
-0.07644659721059556
-0.0717983263058698
-0.009482061705783477
-0.0731776414505256
-0.12407278796802182
0.155708194120662
-6.769130811253726e-13
1.4650238130193815e-12
-3.5133898124593234e-11
3.1255800612675866e-08
-1.295601885793141e-06
-0.00020075157112126583
0.13472956082386162
0.11873274170596511
0.10613146594788621
-7.748577104393917e-07
0.9999999403953552
0.9999999403953552
0.9999999403953552
0.9999999403953552
0.9999999403953552
0.9999999403953552
0.9999999403953552
0.9999999403953552
0.9999999403953552
0.9999999403953552
0.9999999403953552
0.9999999403953552
0.9999999403953552
0.9999999403953552
0.2099327617923752
0.8670843691573956
0.4659413791574559
0.31648234505024736
0.24040000631839228
0.19380844539734707
0.5072615672820547
0.9999999403953552
-6.673542041916102e-16
2.4143144750172967e-16
-4.7507858962253193e-17
-3.5300552374826845e-08
9.855482517911231e-09
0.06778543726280885
0.25348271760582997
-0.034731179572843475
-0.03104510988416545
-0.02806638093381585
-7.748577104393917e-07
0.9999999403953552
0.9999999403953552
0.9999999403953552
0.9999999403953552
0.9999999403953552
0.9999999403953552
0.9999999403953552
0.9999999403953552
0.9999999403953552
0.9999999403953552
0.9999999403953552
0.9999999403953552
0.9999999403953552
0.9999999403953552
0.47991603732609356
0.44947545356755064
-0.9021056057298493
-0.2291198259202951
-0.12870869653716224
-0.09006723696929907
0.8670843697180175
0.4659413795488975
0.3164823452014164
0.2404000064332203
0.5257696822287589
0.09549686169964083
0.9999999403953552
-6.673542041916102e-16
2.4143144750172967e-16
-4.7507858962253193e-17
-3.5300552374826845e-08
9.855482517911231e-09
0.06778543726280885
5.0876079313037575e-05
0.2581620191258357
-0.031045107578170084
-0.028066378849077114
-0.4342195208618063
-7.748577104393917e-07
0.9999999403953552
0.9999999403953552
0.9999999403953552
0.9999999403953552
0.9999999403953552
0.9999999403953552
0.9999999403953552
0.9999999403953552
0.9999999403953552
0.9999999403953552
0.9999999403953552
0.9999999403953552
0.9999999403953552
0.9999999403953552
0.7494754344537569
-0.9021055694801061
-0.22911981663447867
-0.12870869148775574
-0.0900672334228122
0.867084369440733
0.4659413792937171
0.3164823451781236
0.5531765034475536
0.11400496044378154
0.09549685715891851
0.9999999403953552
0.24728731827215356
-1.1611306738878837e-13
-7.676709650970995e-13
1.5798355785607992e-11
-4.42388814235119e-08
3.8918891440024984e-07
0.06784423466602986
-0.03941049474719529
-0.03473117588210707
-0.031045106585132168
-0.02806637795131945
-0.43421952300297223
-0.7674700168585359
-7.748577104393917e-07
0.9999999403953552
0.9999999403953552
0.9999999403953552
0.9999999403953552
0.9999999403953552
0.9999999403953552
0.9999999403953552
0.9999999403953552
0.9999999403953552
0.9999999403953552
0.9999999403953552
0.9999999403953552
0.9999999403953552
0.9999999403953552
0.41246718689994744
0.17991601933245738
0.44947543945614343
-0.9021055774079918
-0.22911981856188368
-0.1287086927747782
-0.09006723433647369
0.9218143399984657
0.2740831463034954
0.18616607321505746
0.14141175922487684
0.11400496046567961
0.09549685717726217
0.9999999403953552
-6.673542041916102e-16
2.4143144750172967e-16
-4.7507858962253193e-17
-3.5300552374826845e-08
9.855482517911231e-09
0.06778543726280885
5.0876079313037575e-05
4.48355667278586e-05
0.2618480991645997
-0.028066379988873378
-0.43421952237054684
-0.7674700157407435
-3.300520314555208
-7.748577104393917e-07
0.9999999403953552
0.9999999403953552
0.9999999403953552
0.9999999403953552
0.9999999403953552
0.9999999403953552
0.9999999403953552
0.9999999403953552
0.9999999403953552
0.9999999403953552
0.9999999403953552
0.9999999403953552
0.9999999403953552
0.9999999403953552
-0.6021055816349019
-0.22911982023710517
-0.1287086936017007
-0.09006723491513428
0.8670843695574113
0.46594137930738333
0.5979307937565012
0.1414117675847814
0.11400496719497326
0.09549686281408985
0.9999999403953552
0.21348314204912455
-0.04383041893312554
0.014716663645682453
-0.013323477047354503
-0.08498027440989397
-0.045605876128674096
3.439095252806752e-15
3.191051923673429e-13
1.0521932080599768e-11
-4.43886025671448e-08
3.8914997412928224e-07
0.06784423478389623
-0.039410500354023395
-0.03473118082322069
-0.03104511100183827
-0.02806638194424976
-0.43421951861899977
-0.767470009109995
-3.300520286021766
1.4346842750687705
-7.748577104393917e-07
0.9999999403953552
0.9999999403953552
0.9999999403953552
0.9999999403953552
0.9999999403953552
0.9999999403953552
0.9999999403953552
0.9999999403953552
0.9999999403953552
0.9999999403953552
0.9999999403953552
0.9999999403953552
0.9999999403953552
0.9999999403953552
0.07757804825436754
-0.13082078012493195
-0.09154522222085429
0.8671999269356672
0.6839446287239513
0.18734068701112144
0.14230399596855783
0.11472427425246301
0.09609939408613348
0.9999999403953552
-6.673542041916102e-16
2.4143144750172967e-16
-4.7507858962253193e-17
-3.5300552374826845e-08
9.855482517911231e-09
0.06778543726280885
5.0876079313037575e-05
4.48355667278586e-05
4.0077011701327816e-05
0.2648268111028735
-0.43394244573431007
-0.7669802910277081
-3.2984142437335113
1.4337688116147587
0.5888930743511015
-7.748577104393917e-07
0.9999999403953552
0.9999999403953552
0.9999999403953552
0.9999999403953552
0.9999999403953552
0.9999999403953552
0.9999999403953552
0.9999999403953552
0.9999999403953552
0.9999999403953552
0.9999999403953552
0.9999999403953552
0.9999999403953552
0.9999999403953552
0.17129131130627862
-0.09006723578340177
0.8670843696260255
0.4659413793621062
0.3164823452492579
0.24040000647788282
0.1938084455170952
0.16234466785628746
0.9999999403953552
0.076923075203712
0.026315793153727954
-0.17977527429675402
0.0369098258092487
-0.018693775430986072
0.00039484548403317856
0.07351721569182881
-0.17019203148983228
8.811632012117106e-14
4.24417031439962e-13
-2.1519887264801368e-11
-2.1463648488707828e-08
-5.722656998631268e-07
0.06769520537517396
-0.1472113390187357
-0.12973252411947955
-0.11596382581166896
-0.10483728496465507
-0.36807927577948707
-0.6505691123279491
-2.7977856240814116
1.216153421221213
0.4995117225974656
0.3145849706928755
0.9999999403953552
0.9999999403953552
-1.0000001192092896
1.999999880790707
-2.0000007152556734
-2581112.499999757
-0.1538462753478199
-1.999993679613711
-0.41246721148490906
-0.6598320959876086
-1.6484264257313224
3.3084225314501987
0.838901283101808
0.47436427149436416
0.3319486556412816
-0.025953632264831484
-0.013904949661620264
-0.009497656513266861
-0.007214417284072379
-0.005816207487555496
-0.0048719623708779565
5.8541776830094795e-15
-2.1178896949534937e-15
4.16749375305548e-16
3.0966420023767794e-07
-8.645445768758669e-08
-0.5946287467329823
-0.0004462961441601205
-0.00039330744078680036
-0.00035156435073759875
-0.00031783776380668263
-0.6483547349235859
-1.1459476032294496
-4.9281708193959295
2.1421983705708714
0.8798669426049144
0.5537720753914435
0.3266613739132957
0.9999999403953552
1
2.000000238418565
1290556.6346155782
0.07692316059878937
0.9999975252581278
-1.0000001192092896
7561427.950696196
0.9999999109701817
0.4023401578187973
0.2869062573222503
0.22294264536280237
0.18230012679605084
-0.014478434814761937
-0.007697750997001568
-0.005242507600103361
-0.003974742160872683
-0.05702299070734464
0.008307570058888518
0.007172324641667078
0.002958352921384019
0.0047325225681699445
0.011823041863850066
-0.023729067016099368
-0.011243499601862939
0.005411436404481366
0.003786793392759062
-0.00029607315835556694
0.006419590310235806
-0.004007558932989177
-0.0030441415544492133
-0.0024541590980238508
-0.0020557423601438815
-2.5934124725496383e-15
9.382293889571791e-16
-1.8462081036274004e-16
-1.3718186270643585e-07
3.82994984161697e-08
0.2634217292056001
0.000197710088317077
0.00017423598628677164
0.00015574371354758714
0.00014080276779217718
0.3377060640721481
0.596885365306853
2.566917573482408
-1.1157987095972435
-0.4582929445351541
-0.28595034710884276
-0.1720480617581543
-0.3227520587750016
0.9999999403953552
2.000000476837158
2581112.961538716
0.1538463028576823
1.999994812098451
-1
16777215
0.9999998807907104
0.6666666070620195
0.4000000397364252
0.28571426679217343
0.22966509662257809
-0.009779890822116031
-0.0065681805683755565
-0.0049443385682691535
-0.003964343310655177
0.12337294746713715
-0.024061595957674417
1.6874448677961411e-09
-0.008752394829614662
-1.1575054553173098e-09
-3.298397777615038e-10
-2.1522171965676683e-10
-5.540381128024375e-10
-1.0548132087690337e-09
-1.5409115926184693e-10
3.382494463701588e-09
-1.9856270151731214e-09
-1.4912876557513858e-09
-1.2012309211131375e-09
-9.11665130825649e-10
-1.9375146656092349e-10
5.116384337159948e-10
-8.486188026784737e-10
-1.3301486084447275e-10
2.557144300572783e-10
6.821692076060774e-11
5.09326665651877e-11
-3.852603139300091e-11
-2.1394520981475376e-11
6.042354349863002e-11
4.651462789439241e-11
3.7836855870066227e-11
4.0769519491358056e-10
-1.816886229778259e-11
-5.186824326994313e-15
1.8764585543000094e-15
-3.6924157672359415e-16
-2.7436369271739866e-07
7.659898770125154e-08
0.5268433956281636
0.0003954201295126058
0.0003484719310467326
0.0003114873899757488
0.00028160550202590293
0.6773027224911106
1.19711229564405
5.148205620797672
-2.2378440389345853
-0.9191515689536942
-0.5784871278542998
-0.34226308488994034
-0.720305505124857
0.6809176696632979
0.9999999403953552
-2.9369500609277566e-08
0.9999999403953552
0.9999999403953552
0.9999999403953552
0.9999999403953552
0.9999999403953552
0.9999999403953552
0.9999999403953552
0.9999999403953552
0.9999999403953552
0.9999999403953552
0.9999999403953552
0.9999999403953552
0.846153827240832
0.28947372469100785
0.3707865452760758
0.9999999403953552
2.442027025040261e-08
-1.329905158999485e-08
1.6411449059529014e-08
-0.07612652930317078
-0.04374823343781079
-0.14221493686472098
-0.12609363805803597
0.34638351648731713
-2.481114964328862e-13
-2.7360444468627233e-13
5.280569569289059e-11
-4.6084027251958423e-08
1.9415656543471847e-06
0.00030099208634346887
0.5531475180292641
0.2293535733050621
0.20501195042444353
0.18534138910728132
0.23970101387858606
0.022945682438837343
0.098678377363992
-0.04289393755193039
-0.01761786478834508
-0.011115757842575704
0.11564159097544188
0.003215702500504503
-0.0028376016715407145
-0.0054016954795985195
0.9999999403953552
-2.8266333274018507e-08
5.692057257979243e-09
0.9999999403953552
0.9999999403953552
0.9999999403953552
0.9999999403953552
0.9999999403953552
0.9999999403953552
0.9999999403953552
0.9999999403953552
0.9999999403953552
0.9999999403953552
0.9999999403953552
0.9999999403953552
0.846153827240832
0.28947372469100785
0.3707865452760758
0.9999999403953552
-5.3544351175105476e-08
5.324535399182753e-08
5.933586249454548e-08
-1.3299050334708252e-08
1.64114476419066e-08
-0.07612652930317028
-0.0437482334378104
-0.14221493686472186
-0.12609363805803658
0.3463835164873171
-2.481114945451615e-13
-2.736047954729721e-13
5.2805695597146175e-11
-4.6084027233562343e-08
1.941565654323774e-06
0.0003009920863435972
0.2997156702457547
0.5222467792349972
0.20501195273043893
0.18534139119202017
-0.08546351462199545
0.24966450671491755
0.09867842120248504
-0.042893956607834044
-0.017617872615192546
-0.01111576277430708
0.11564158665204378
0.0032157021061782975
-0.0028376010571431964
-0.00540169371942803
-3.6713083859633584
0.9999999403953552
-2.6632761773726088e-08
6.795226704258707e-09
5.692057533400582e-09
0.9999999403953552
0.9999999403953552
0.9999999403953552
0.9999999403953552
0.9999999403953552
0.9999999403953552
0.9999999403953552
0.9999999403953552
0.9999999403953552
0.9999999403953552
0.9999999403953552
0.9999999403953552
0.846153827240832
0.28947372469100785
0.3707865452760758
0.9999999403953552
-1.8504147547560024e-08
-0.07612652930316936
-0.043748233437809717
-0.14221493686472242
-0.12609363805803708
0.593670840864761
-3.6355717516039246e-13
-1.041516686227972e-12
6.860409957281528e-11
-5.5022356510232956e-08
2.320899095615562e-06
0.0003597894910164038
0.26025429844498243
0.2293535769957985
0.2050119537234769
0.18534139208977782
-0.08546351467510122
-0.15105419866915662
0.32539722065469445
-0.042893952059287026
-0.01761787074734886
-0.011115761590975867
0.11564158738676043
0.003215701966493665
-0.002837601051651457
-0.005401694121055554
-3.6713083793412737
1.3743484926242187
0.9999999403953552
-4.6602295356024115e-09
1.6336632300772467e-08
1.109636520079409e-08
8.42879960320869e-09
6.795226725161204e-09
5.692057550909652e-09
0.9999999403953552
0.9999999403953552
0.9999999403953552
0.9999999403953552
0.9999999403953552
0.9999999403953552
0.9999999403953552
0.9999999403953552
0.9999999403953552
0.9999999403953552
0.9999999403953552
0.9999999403953552
0.846153827240832
0.28947372469100785
0.3707865452760758
0.9999999403953552
-1.728989751370591e-08
1.884159143955275e-08
-2.2037364544571604e-09
-9.19980959223876e-09
-2.6072134871166057e-09
-3.1333562467418498e-09
1.4155551084972522e-08
-1.8628756051922583e-08
5.324535393389521e-08
5.9335862290228274e-08
-1.3299050244127492e-08
1.641144763602713e-08
-0.07612652930317021
-0.04374823343781036
-0.1422149368647218
-0.1260936380580366
0.34638351648731713
-2.4811147831792386e-13
-2.7360437001783717e-13
5.28056968982499e-11
-4.608402723228934e-08
1.941565654344204e-06
0.00030099208634359317
0.2997156702457547
0.2641295893032202
0.49790516670446494
0.18534139005222386
-0.08546351405111129
-0.15105419756627325
-0.6496116234287365
0.18382486124227587
-0.017617864657279183
-0.011115757751403698
0.11564159102453231
0.0032157025948475644
-0.0028376014339636423
-0.005401695016821469
-3.671308412152334
1.374348504906987
0.5788318735073356
0.9999999403953552
-2.3965194273500856e-08
8.428798908863428e-09
6.795226164766508e-09
5.692057081492093e-09
0.9999999403953552
0.9999999403953552
0.9999999403953552
0.9999999403953552
0.9999999403953552
0.9999999403953552
0.9999999403953552
0.9999999403953552
0.9999999403953552
0.9999999403953552
0.9999999403953552
0.9999999403953552
0.9999999403953552
0.846153827240832
0.28947372469100785
0.5842696873252003
-0.11995694329577072
-0.029031565992657448
-0.1555384242438892
-0.2110739494816108
0.300777639232677
-2.440050338963863e-13
4.525927690560686e-14
6.332767681125853e-11
-5.5172077627060205e-08
2.3208601553501593e-06
0.0003597896088825246
0.26025429283815404
0.2293535720546847
0.20501194930677055
0.1853413880968474
-0.08546351289167019
-0.15105419551699598
-0.6496116146157783
0.28237595678262856
0.20910091525399685
-0.011115741630364443
0.11564160290027994
0.003215704671905587
-0.002837603530750275
-0.005401698465295747
-3.671308458451959
1.3743485222391791
0.5788318808072843
0.3666203590462506
0.9999999403953552
-1.883836908689318e-08
1.1166375676825109e-08
8.481979567012004e-09
6.838099966389352e-09
5.727970542871613e-09
0.9999999403953552
0.9999999403953552
0.9999999403953552
0.9999999403953552
0.9999999403953552
0.9999999403953552
0.9999999403953552
0.9999999403953552
0.9999999403953552
0.9999999403953552
0.9999999403953552
0.9999999403953552
0.846153827240832
0.28947372469100785
0.3707865452760758
0.9999999403953552
-4.58497284583359e-09
1.882251768752777e-08
1.0009939796025464e-08
1.0326639829269448e-08
-4.020851627306887e-09
-5.456350321772069e-09
-7.327136913438765e-09
-1.3787597760930144e-09
1.415554843781499e-08
-1.8628752140705445e-08
5.324534355159183e-08
5.933585052534326e-08
-1.329904754475563e-08
1.6411444452671546e-08
-0.07612652930316917
-0.04374823343780957
-0.14221493686472375
-0.1260936380580381
0.34638351648731736
-2.4811152296623723e-13
-2.7360433967429816e-13
5.280569701026227e-11
-4.608402719691466e-08
1.9415656543419623e-06
0.0003009920863438552
0.2997156702457545
0.2641295893032207
0.23609713808777455
0.4782345883752253
-0.08546351532125908
-0.15105419981122173
-0.6496116330831825
0.28237596481011884
0.11598051679119534
0.21582287659599067
0.11558028157754115
0.0032180737916637087
-0.0033416264459206163
-0.0047718683985991765
-3.671127151428006
1.3742806502400753
0.5788032952781195
0.36660225354985204
0.2682546324194527
0.9999999403953552
0.9999999403953552
0.9999999403953552
0.9999999403953552
0.9999999403953552
0.9999999403953552
0.9999999403953552
0.9999999403953552
0.9999999403953552
0.9999999403953552
0.9999999403953552
0.9999999403953552
0.9999999403953552
-3.344683818795602e-08
5.430104004239944e-09
2.2397397095462035e-09
3.582956863374295e-09
8.951126646356974e-09
-1.7965077683913622e-08
-4.4803956975507495e-09
0.17129131200733672
-0.09006723946380742
0.8670843699137807
0.4659413794314043
0.31648234540486675
0.2404000065960841
0.19380844561238725
0.16234466793611013
0.9999999403953552
-4.58497284583359e-09
1.882251768752777e-08
1.1385156325211376e-08
-2.3374968466517616e-09
-3.7218326715960047e-09
-8.453136505605805e-09
-3.1337982240754213e-09
1.0501828458965797e-08
-9.496675036938373e-21
8.974733616146519e-21
1.8647821092494475e-18
-1.922077915414375e-15
8.102918727556582e-14
1.2562284052699607e-11
9.086931947708595e-09
8.008015078240668e-09
7.158112980584802e-09
6.471303748204657e-09
0.07465452986449203
0.13194964580627516
0.5674521069820152
-0.2466625090312868
-0.10131189911229911
-0.06355584899698818
0.17584481019101916
-0.02848961883461323
0.026207582640048566
0.047260309155428996
-0.3013409716774819
0.11280651565350693
0.04751051627344967
0.030092195087592668
0.022019417632994125
0.017256139441217
0.9999999403953552
0.9999999403953552
-1.1920928955078125e-07
-2.000000774860311
3871669.750000235
1.2307688169752966
2.9999932910275824
-0.3421052396297455
-0.2247190966233536
0.04613728303197183
0.06641910266958119
0.15474872936596168
0.06403946910704647
-0.2076808569815787
-1.1196195900466256e-08
4.050433477535165e-09
-8.331382959778496e-10
-0.5922466563748241
0.16534649785083075
0.8236925052019146
-0.17908139364933334
-0.15781855653211715
-0.1410690485979353
-0.127533696638627
1.0594710884420324
1.8725834423350354
8.053082936198978
-3.5005485361011925
-1.437783250741143
-0.904898749816793
-0.7308316513128762
-0.8854998705376219
0.5886575720717836
0.8543966308097386
5.564856910446629
-2.083195398064253
-0.8773756365810742
-0.5557119175842435
-0.4066322581733193
-0.3206284676922643
0.15473256095483048
