0.17773438
-0.13574219
0.00836182
-0.04516602
-0.08447266
-0.14355469
-0.06225586
-0.00570679
0.18457031
0.08642578
0.06542969
0.32421875
-0.05224609
-0.04125977
-0.08300781
-0.07031250
-0.17675781
0.32421875
-0.07177734
-0.06250000
0.07519531
-0.00005865
0.01196289
0.14843750
-0.09033203
-0.26757812
-0.08789062
-0.06298828
-0.21386719
-0.06396484
-0.10937500
-0.09667969
-0.08496094
0.02465820
0.00921631
-0.00653076
-0.08789062
-0.06787109
0.08496094
-0.00885010
-0.13867188
-0.03833008
-0.01831055
-0.13964844
-0.01336670
-0.05297852
-0.14160156
0.15820312
-0.11523438
-0.21289062
-0.18652344
-0.15820312
-0.05712891
-0.03198242
-0.09716797
-0.03906250
-0.01141357
-0.14160156
-0.05981445
0.23730469
0.08007812
0.01147461
-0.06079102
0.05590820
-0.02404785
0.17578125
0.06738281
-0.04711914
-0.00885010
-0.10253906
0.09960938
-0.14550781
-0.02514648
-0.06298828
0.05712891
0.02294922
0.30273438
-0.11376953
-0.15625000
-0.24218750
-0.01049805
-0.13964844
0.08642578
0.12451172
0.08691406
0.08056641
-0.08398438
-0.18164062
0.17675781
-0.13183594
-0.05029297
-0.11279297
-0.05297852
-0.00665283
-0.10839844
-0.07177734
0.19824219
0.01318359
-0.09570312
0.14160156
0.01562500
-0.12353516
0.12304688
-0.01696777
-0.18554688
0.08886719
-0.10498047
0.04565430
-0.11572266
0.05151367
0.11328125
-0.04882812
0.02343750
0.13378906
0.07128906
-0.04541016
0.13476562
0.07373047
-0.02441406
-0.11230469
-0.20507812
-0.13183594
-0.13671875
-0.02209473
-0.25585938
-0.16406250
-0.18066406
0.15722656
0.01251221
0.16210938
0.35156250
0.07519531
-0.03295898
-0.16503906
0.06079102
0.36914062
0.06347656
0.00842285
-0.10742188
-0.06640625
-0.02294922
-0.01177979
-0.06054688
0.11865234
-0.07519531
0.16503906
-0.12158203
0.00762939
-0.14355469
-0.24414062
-0.15527344
0.06250000
-0.03039551
-0.07031250
-0.09960938
-0.15527344
-0.16699219
-0.01574707
0.03466797
0.04052734
-0.11669922
-0.03857422
-0.05981445
-0.16699219
0.03393555
-0.03112793
-0.04125977
-0.20996094
0.19921875
0.22949219
0.00299072
-0.09375000
-0.13085938
-0.16210938
-0.01330566
-0.25390625
0.08251953
0.06689453
-0.09667969
-0.04882812
-0.09716797
-0.12988281
0.03662109
0.04663086
0.12792969
-0.20410156
0.13085938
0.13867188
-0.19824219
-0.00665283
-0.06982422
-0.23632812
0.00427246
-0.12695312
-0.22363281
0.06079102
-0.09960938
0.06738281
-0.11718750
-0.08398438
-0.12451172
0.13867188
0.09375000
-0.06591797
-0.09521484
0.02233887
-0.02770996
0.12695312
0.07714844
-0.02783203
0.36132812
0.06933594
0.06542969
-0.00244141
-0.10791016
0.01080322
-0.06933594
-0.07763672
0.16601562
-0.15136719
-0.18847656
-0.19042969
-0.15332031
-0.15625000
-0.15136719
-0.08398438
-0.19140625
-0.09033203
-0.15136719
-0.21289062
-0.15917969
0.13085938
-0.03955078
-0.07275391
0.01672363
-0.19824219
0.00933838
-0.08544922
0.04809570
-0.10644531
-0.20605469
-0.08740234
0.03222656
-0.16699219
0.18457031
0.01965332
-0.18750000
-0.05810547
-0.15429688
-0.02404785
0.06542969
-0.05639648
-0.19042969
-0.18652344
-0.09765625
-0.07519531
