-0.0090899821
-0.0004188718
0.0999485105
0.0093380753
-0.0064345016
-0.0014229403
0.0538068302
0.1249286011
0.0277091078
-0.0038359361
-0.4179051816
0.2730641961
0.0170696564
0.0431634262
0.0584595315
-0.0001561776
-0.0015757190
0.2009117454
-0.2583192587
0.3658753633
0.1059245244
-0.0953165740
-0.0485052764
0.1252384186
-0.0000124164
0.0833536759
-0.0009141577
-0.0017257454
-0.1074305698
-0.0165077914
-0.1202671081
-0.0251062717
0.2075700909
0.0890627652
0.2152294368
-0.1115832105
0.1750187129
0.0001142600
-0.0023530421
-0.0028433336
0.0912505612
-0.0007716809
-0.0011799596
-0.0016122150
0.5472835898
0.1444958299
0.1487738639
-0.2756612897
-0.0031122719
0.2202786952
-0.0004722603
-0.0026826730
0.1312646717
-0.0013466533
0.0256233048
0.3028419018
0.0302318055
0.5314100981
-0.0013666782
0.2552726269
-0.1307808608
0.2571098506
-0.0014683268
0.2354067266
-0.0551057458
-0.0009008890
0.4309515059
0.2247942388
-0.0377257504
0.0002047654
0.2233147323
-0.1219599694
-0.0008350391
0.0488680005
-0.1657528132
0.1622373164
0.5364179611
0.1442253441
-0.0495273881
-0.0002580118
-0.0541981794
-0.1099634543
0.2114538848
-0.0303121060
-0.0006240348
-0.0412523374
-0.0017955947
-0.0184112694
-0.0007506182
0.0272674039
-0.1744466871
0.1754686832
-0.0007770524
-0.0030708541
-0.1646800339
-0.0022540386
0.2311722487
-0.0037225750
0.0008603563
-0.1113120615
-0.0023620881
0.2663884461
0.1118991002
0.0484368056
0.0905347839
0.4236777723
-0.0291542653
0.2672504783
-0.0017828171
0.0583195388
0.1881240457
-0.0017263443
-0.0015181879
0.0005512220
-0.0017753325
-0.2419451177
0.0818818063
-0.0005852919
-0.0014290804
-0.0013232807
-0.0376429297
-0.0017756752
-0.2919773161
0.1575650275
-0.2236732244
0.1481383741
-0.1552358866
0.5986055732
-0.0004050804
0.0918730050
-0.3563455641
-0.0765789449
-0.0312122814
0.2033416927
-0.0025386990
0.2947089672
-0.3043356836
-0.1702074558
-0.2792087197
0.2747730017
0.0006624073
-0.0031427655
-0.0006694158
0.4570615888
0.3860839605
-0.0491838641
0.0001090547
0.1519548446
-0.1573491842
-0.1132869497
-0.0150862588
0.1461619437
-0.0317295603
-0.1150881127
-0.0021136538
-0.1655573547
0.0888424739
-0.2517906725
-0.0311932899
0.0858782530
0.1021237075
-0.4045114815
-0.3721772134
-0.0008329703
-0.2735441923
0.5135031343
0.1044365838
0.0983879641
-0.0024899037
-0.0015352529
-0.1463363618
0.0458389930
-0.0003879342
-0.0201625321
-0.3217400312
-0.0021863980
0.0752019733
-0.1392977834
-0.0854460672
-0.3110581934
-0.0793657377
-0.0019783548
0.4493940771
-0.0004927944
0.1619078219
-0.0714341253
0.0002889530
-0.0521681570
-0.1603205204
0.2649758458
-0.0016861591
-0.0014598676
0.2354178429
0.1488289386
0.0008754867
-0.0214046873
-0.4078336954
-0.0629315227
-0.2077766210
0.0002811663
-0.0014688823
0.0265835878
-0.0398399495
-0.0879574642
-0.0527583957
0.3478580713
0.1656110138
-0.0009721714
-0.0014569226
-0.0004996739
-0.0033558509
0.3387428522
-0.0020116644
-0.0023758502
0.0469346680
-0.0010720970
-0.0024136072
-0.0018204221
-0.3899130523
0.0002028236
-0.0773373991
0.0000499609
0.1218711585
-0.1155951545
0.0526196323
0.0006762536
0.1056093201
0.3313858807
0.0003716141
0.1689446270
0.1118826494
0.2625363171
0.0007272900
0.1892134249
0.0002606658
0.5552090406
0.1608624756
-0.0010773410
-0.0061014197
0.1426942796
-0.0029684810
-0.2858869135
-0.0556385629
0.0754145384
-0.0011046652
-0.0037765543
-0.0009559598
0.2351803482
0.4140409529
-0.0024446105
-0.3412347138
0.2289080322
0.1293432415
-0.0005508158
0.2819795012
0.0884533599
