0.19238281
0.09179688
0.25195312
-0.00195312
0.20800781
0.16796875
0.00090027
-0.00192261
-0.00017166
0.16503906
-0.00231934
-0.01422119
0.00095749
-0.00384521
0.11669922
0.37890625
-0.00132751
-0.00183105
0.40625000
0.22070312
0.00018692
0.00070190
0.29296875
-0.00119019
0.00103760
0.15527344
0.25781250
-0.00147247
0.10791016
-0.00430298
-0.00042915
-0.00066757
-0.00004578
0.00021267
-0.00186920
0.42773438
-0.00099182
0.00527954
0.00082397
-0.00329590
-0.00271606
-0.00230408
0.00076675
-0.00163269
0.47265625
0.00026131
-0.56640625
0.13183594
0.30859375
0.35742188
0.39453125
0.19628906
-0.00145721
0.08593750
-0.00311279
-0.00018787
0.00065613
0.17968750
0.29882812
-0.25585938
-0.15429688
0.09277344
0.00097656
-0.17382812
0.31835938
-0.00216675
-0.00405884
0.17285156
0.23437500
0.28125000
-0.00543213
-0.00050354
-0.00244141
0.20214844
0.21679688
0.32812500
0.00030518
-0.00155640
-0.00625610
0.17382812
0.00026703
0.29296875
0.26953125
0.37500000
0.20410156
-0.10351562
-0.00213623
0.28515625
-0.00224304
0.51953125
-0.00182343
0.17675781
0.10253906
0.30078125
0.38671875
0.14062500
0.00015163
0.15332031
-0.10351562
-0.00201416
0.34765625
0.22363281
0.14941406
0.17480469
-0.04589844
0.24316406
0.06591797
0.05664062
-0.00805664
-0.00196838
0.00045967
0.41210938
-0.13964844
0.33203125
0.14648438
-0.00189209
-0.00251770
0.01623535
0.00055695
-0.23144531
0.29101562
0.23339844
-0.00218201
0.32421875
0.00029182
-0.09863281
-0.00224304
0.00043106
-0.00799561
-0.00048447
-0.00115967
0.22460938
-0.09619141
-0.00174713
0.31640625
-0.00091553
0.34765625
0.04638672
-0.00049591
-0.00008011
-0.00047684
0.01245117
-0.00001168
0.00037956
0.00088501
0.28125000
-0.00891113
-0.00207520
0.29296875
-0.00521851
-0.00396729
-0.00393677
0.21191406
0.38671875
-0.01806641
0.19531250
-0.01245117
0.27148438
-0.10205078
-0.00476074
0.16699219
0.11083984
-0.00099182
0.00045776
-0.00175476
-0.00149536
-0.00011063
0.00015545
-0.07324219
-0.00076675
0.25976562
0.48632812
0.64062500
0.46679688
0.14062500
-0.00023842
0.00102997
0.50390625
0.06298828
-0.02734375
-0.39843750
0.02600098
0.06054688
0.13671875
0.09912109
0.09912109
0.35156250
0.29101562
0.24023438
0.21972656
0.47656250
0.15625000
-0.00013542
-0.00121307
-0.00787354
-0.00152588
-0.00370789
0.12500000
-0.03320312
0.45312500
-0.00199890
0.20898438
-0.00248718
-0.00178528
-0.00052643
0.30078125
-0.06640625
-0.00139618
0.26757812
0.41796875
0.31445312
0.36132812
0.24609375
0.00014019
0.00085831
-0.00129700
-0.00300598
-0.00175476
0.17382812
-0.15625000
0.16308594
0.20605469
-0.03564453
-0.00341797
-0.00219727
0.21679688
-0.01440430
-0.20800781
-0.00305176
-0.00288391
-0.00561523
0.27343750
0.09912109
-0.00518799
-0.26757812
-0.00253296
-0.00296021
0.00032425
-0.00089264
0.21972656
0.33007812
0.26367188
0.21777344
0.00071716
0.24804688
0.21484375
0.00032806
0.12011719
0.24414062
0.00007868
0.00057220
0.10644531
-0.00040817
-0.01312256
0.34570312
-0.06494141
