-0.0012818404
-0.0178785194
0.0477604121
-0.1541977227
0.0043458072
0.0446357168
-0.0251227785
-0.0187657289
-0.1398011595
-0.0284561627
0.2310827076
-0.0294852555
-0.1451430768
-0.1336358488
-0.0722753406
0.0151085276
0.0083111785
0.1251274794
-0.0014913161
0.0882263631
-0.0315403529
-0.0870929435
-0.0004798347
-0.2694730461
-0.0144188004
0.4880744517
-0.0202271193
-0.1161936894
-0.0088034514
0.0338557363
0.1117596626
-0.0804479718
-0.0162086412
0.0003852246
-0.0014410563
-0.0058110477
-0.0282170698
-0.0013668534
-0.0000371832
-0.0666601583
-0.0005568648
0.2728598714
0.1017375514
0.0864396766
-0.1462903619
-0.0182612836
0.1352665424
-0.0375803150
0.0161616597
-0.0475811549
0.0850544497
-0.0083366251
-0.0795381442
-0.0425093956
-0.0113014039
-0.0271423273
-0.0001193620
0.1259841323
0.0271249581
0.1186741740
0.0768211409
-0.0024456657
0.0423070006
-0.0824883059
0.1781502515
-0.0573320910
0.0473284721
0.0086931940
-0.0872434750
-0.0018450572
0.0007383007
0.0241657719
-0.0010901205
0.0102601452
0.0424593128
-0.0369524956
-0.0060647950
-0.1325515509
0.0680833757
0.0659518912
-0.0603732616
-0.0023274468
0.0000147699
0.0386157148
-0.1153398380
-0.0032859517
-0.0004003685
-0.1961394399
-0.0982135460
-0.0906283706
-0.0467588007
0.0153502291
0.0529797524
-0.0007387936
-0.0531467609
-0.2708433867
0.1048252061
0.1513203233
-0.0885071009
-0.0836434811
-0.0139003461
-0.0287668332
-0.0004240029
-0.0015272162
-0.1422570050
0.0219538268
-0.0021305177
-0.0270844940
-0.0017874623
-0.2942291200
0.0161946248
-0.0890336409
-0.0567184202
0.0746403560
0.1725237370
-0.0385403186
0.3880892396
0.0275351163
-0.0561884753
-0.0483775660
-0.0010360685
-0.0765358731
-0.0675553232
-0.0016237090
-0.0151199112
0.5699560046
-0.0041735047
-0.0009687723
-0.0220922027
0.0388520956
-0.0655492172
0.0492665619
-0.0008731309
0.0013614123
0.0205700137
-0.0253122151
0.0155130904
-0.0002376078
0.0267219152
-0.0201764125
-0.0220714752
0.0007045874
0.0175045356
-0.0000674461
0.0005044646
-0.0687687621
-0.2336546928
0.2003102005
0.3004653454
-0.1314624399
-0.0556677543
0.3875866234
-0.1144166887
-0.0013494577
-0.0377979837
-0.0602827854
-0.0024310385
-0.0671167225
-0.0018867926
0.0449090227
0.0248489436
0.1095085964
-0.1002270356
-0.0029014747
0.0146960327
-0.0005698773
0.1438435316
-0.0014347376
0.0296823960
-0.0210761353
-0.0775725022
-0.0011291309
0.4692124426
-0.1729878634
-0.0186729021
-0.1282099485
-0.2332569659
-0.0303978045
-0.0070500732
-0.2971709371
-0.1047374010
-0.0541278571
-0.2341393083
-0.0091645345
-0.0003252396
0.0060724192
0.0195356216
-0.0899551362
0.0440676324
0.0007124861
-0.1041612178
0.0002838672
0.1774446666
0.0007316273
-0.1108321249
-0.0009644782
-0.0015336146
-0.0096498141
-0.0114644449
-0.1273956597
0.1501360983
0.2254484296
-0.0002888779
-0.0144045604
0.0356680788
-0.1084347069
0.0328971185
-0.0339333750
-0.0347707719
-0.0020957410
-0.0006977132
-0.0849627778
-0.0286913756
-0.0003674075
0.0138108255
-0.0385630839
-0.0016293881
-0.0167558640
-0.0193572920
0.0085713034
0.3831753135
-0.0308203232
-0.1163042411
0.0417810641
-0.0014592218
-0.0045455070
-0.0002616482
-0.0007135699
0.0746283159
-0.0485085659
-0.0025617201
0.0454956032
0.0577889942
-0.0913865566
-0.0091652619
0.4521105886
-0.0590446070
0.1875091940
-0.0341447033
-0.0005607683
0.0263166837
-0.1081460044
0.0891885683
-0.0026936494
-0.0216495097
-0.0968558192
-0.0018479358
-0.0007971742
-0.0465346202
0.2004413307
-0.0821307898
-0.1004281268
-0.0016603564
-0.0289524216
0.1053966507
0.0859519392
