
=== Statistics for Combined Statistics (Debug & Time Data) ===
q               | mean:  -0.022702 | min:  -2.433889 | max:   1.598039 | var:   1.252763 | std:   1.119269 |
qdot            | mean:   0.000330 | min:  -1.432252 | max:   1.673620 | var:   0.061019 | std:   0.247021 |
qddot           | mean:   0.000330 | min:  -1.432252 | max:   1.673620 | var:   0.061019 | std:   0.247021 |
s               | mean:   0.537880 | min:   0.000015 | max:   0.996534 | var:   0.079329 | std:   0.281653 |
vs              | mean:   0.064466 | min:   0.003000 | max:   0.099712 | var:   0.001185 | std:   0.034421 |
dVs             | mean:   0.001442 | min:  -1.318866 | max:   0.655963 | var:   0.040939 | std:   0.202333 |
ee_vel          | mean:   0.000101 | min:  -0.270216 | max:   0.207765 | var:   0.007410 | std:   0.086081 |
ee_speed        | mean:   0.133465 | min:   0.007889 | max:   0.270232 | var:   0.004417 | std:   0.066460 |
sel_min_dist    | mean:  11.336287 | min:   1.399223 | max:  22.360946 | var:  54.776737 | std:   7.401131 |
env_min_dist    | mean:  42.588324 | min:   9.500000 | max:  74.500000 | var: 265.913339 | std:  16.306849 |
mani            | mean:   0.083849 | min:   0.064310 | max:   0.094309 | var:   0.000059 | std:   0.007696 |
contour_error   | mean:   0.000733 | min:   0.000011 | max:   0.004204 | var:   0.000001 | std:   0.000717 |
spline_ee_pose  | mean:  -0.008888 | min:  -1.000000 | max:   1.000000 | var:   0.214503 | std:   0.463144 |
pred_ee_pose    | mean:  -0.007352 | min:  -1.000000 | max:   1.000000 | var:   0.213988 | std:   0.462588 |
ref_ee_pose     | mean:  -0.007442 | min:  -1.000000 | max:   1.000000 | var:   0.213967 | std:   0.462566 |
iter_count      | mean: 157.082794 | min:  50.000000 | max: 250.000000 | var: 4569.821088 | std:  67.600452 |
sqp_iter_count  | mean:   0.934670 | min:   0.000000 | max:   1.000000 | var:   0.061062 | std:   0.247107 |
total_iter_count | mean: 157.082794 | min:  50.000000 | max: 250.000000 | var: 4569.821088 | std:  67.600452 |
solve_count     | final value: 1546
top3_total_iter_counts | Top 3 values: [250, 200, 150]
top3_solve_nums | Top 3 solve numbers:
                  Rank 1: [204, 205, 209, 210, 212, 215, 216, 217, 219, 220, 221, 223, 225, 226, 229, 233, 241, 243, 244, 245, 246, 250, 251, 254, 255, 256, 258, 262, 268, 269, 271, 272, 273, 277, 278, 282, 283, 284, 285, 286, 287, 288, 289, 291, 292, 294, 296, 297, 298, 302, 303, 307, 308, 312, 313, 314, 315, 317, 318, 319, 320, 323, 324, 325, 327, 328, 329, 331, 332, 333, 335, 336, 339, 340, 341, 342, 345, 346, 347, 351, 352, 356, 357, 361, 362, 363, 364, 367, 368, 372, 373, 377, 378, 382, 383, 384, 385, 386, 387, 388, 389, 390, 391, 392, 393, 395, 396, 399, 400, 401, 406, 407, 408, 409, 410, 411, 416, 417, 418, 419, 420, 421, 422, 423, 424, 425, 426, 427, 428, 429, 432, 434, 436, 442, 443, 448, 449, 450, 451, 452, 454, 455, 456, 457, 458, 459, 460, 461, 462, 463, 464, 465, 466, 467, 469, 471, 472, 475, 476, 477, 494, 497, 564, 567, 568, 571, 572, 576, 858, 879, 888, 891, 892, 893, 894, 895, 896, 897, 898, 899, 900, 905, 906, 907, 908, 910, 912, 923, 925, 929, 931, 933, 934, 935, 936, 938, 939, 940, 942, 945, 950, 951, 953, 955, 956, 957, 958, 959, 960, 961, 962, 963, 964, 965, 967, 968, 969, 970, 972, 973, 974, 976, 977, 979, 980, 982, 983, 985, 986, 987, 988, 989, 990, 991, 993, 994, 996, 998, 1000, 1001, 1002, 1003, 1004, 1005, 1007, 1009, 1010, 1013, 1014, 1018, 1019, 1020, 1021, 1022, 1023, 1024, 1025, 1027, 1029, 1030, 1032, 1033, 1040, 1041, 1042, 1043, 1044, 1045, 1047, 1048, 1050, 1051, 1052, 1053, 1054, 1055, 1056, 1057, 1058, 1059, 1061, 1062, 1064, 1065, 1066, 1067, 1068, 1069, 1070, 1071, 1072, 1073, 1074, 1075, 1076, 1078, 1079, 1080, 1081, 1083, 1084, 1085, 1087, 1088, 1091, 1093, 1095, 1096, 1097, 1098, 1099, 1100, 1102, 1104, 1107, 1108, 1109, 1112, 1113, 1114, 1116, 1119, 1120, 1123, 1124, 1126, 1127, 1129, 1130, 1131, 1133, 1134, 1136, 1137, 1142, 1143, 1144, 1145, 1146, 1147, 1148, 1149, 1151, 1152, 1170, 1182, 1183, 1188, 1198, 1216, 1218, 1220, 1221, 1223, 1224, 1225, 1226, 1227, 1230, 1231, 1232, 1234, 1235, 1243, 1245, 1246, 1248, 1249, 1250, 1252, 1255, 1256, 1259, 1260, 1261, 1262, 1265, 1266, 1269, 1272, 1274, 1275, 1279, 1280, 1281, 1286, 1287, 1291, 1292, 1293, 1294, 1302, 1305, 1307, 1309, 1311, 1312, 1316, 1318, 1326, 1327, 1328, 1331, 1335, 1336, 1337, 1351, 1352, 1354, 1355, 1357, 1358, 1359]
                  Rank 2: [18, 24, 142, 143, 206, 207, 208, 211, 218, 222, 224, 234, 235, 240, 242, 247, 257, 259, 260, 261, 263, 264, 265, 266, 267, 270, 276, 290, 295, 299, 301, 304, 306, 309, 311, 321, 330, 334, 337, 338, 348, 349, 350, 353, 355, 358, 359, 360, 365, 366, 369, 374, 375, 379, 381, 397, 398, 404, 413, 431, 440, 446, 468, 470, 473, 474, 513, 557, 575, 583, 601, 602, 624, 878, 887, 902, 909, 921, 922, 924, 926, 928, 932, 937, 941, 943, 944, 946, 952, 954, 966, 997, 1008, 1011, 1015, 1016, 1026, 1039, 1049, 1060, 1094, 1117, 1122, 1125, 1138, 1139, 1140, 1141, 1150, 1154, 1155, 1159, 1162, 1165, 1168, 1189, 1199, 1201, 1202, 1203, 1206, 1207, 1208, 1209, 1210, 1211, 1212, 1214, 1215, 1217, 1219, 1233, 1236, 1238, 1242, 1253, 1254, 1263, 1268, 1270, 1282, 1284, 1288, 1296, 1304, 1306, 1310, 1314, 1315, 1322, 1325, 1329, 1332, 1334, 1344, 1345, 1346, 1350, 1353, 1360, 1497, 1502, 1504, 1506, 1508, 1510, 1514, 1516, 1518, 1519, 1520, 1522, 1523, 1524]
                  Rank 3: [1, 13, 16, 22, 27, 28, 30, 31, 32, 34, 36, 37, 39, 40, 41, 43, 45, 47, 48, 49, 51, 52, 53, 102, 112, 113, 114, 116, 117, 118, 120, 124, 144, 145, 146, 147, 148, 150, 214, 230, 236, 237, 238, 239, 252, 253, 275, 281, 293, 316, 326, 343, 344, 354, 370, 371, 376, 380, 412, 415, 430, 433, 438, 441, 480, 483, 502, 503, 504, 512, 514, 515, 524, 530, 532, 534, 536, 543, 552, 554, 555, 556, 558, 560, 566, 569, 573, 574, 593, 594, 595, 596, 597, 599, 600, 604, 607, 608, 667, 669, 673, 817, 857, 859, 861, 862, 863, 864, 865, 866, 867, 868, 869, 870, 872, 873, 874, 875, 876, 877, 880, 881, 882, 884, 885, 886, 889, 914, 915, 917, 919, 920, 927, 930, 947, 948, 949, 971, 975, 981, 992, 995, 999, 1012, 1017, 1028, 1031, 1034, 1035, 1036, 1037, 1038, 1086, 1089, 1092, 1103, 1105, 1106, 1110, 1111, 1115, 1121, 1128, 1132, 1135, 1153, 1156, 1157, 1158, 1160, 1161, 1163, 1164, 1166, 1167, 1169, 1171, 1172, 1173, 1174, 1175, 1176, 1177, 1178, 1179, 1180, 1181, 1184, 1185, 1187, 1191, 1192, 1193, 1194, 1195, 1196, 1197, 1204, 1205, 1228, 1229, 1237, 1239, 1240, 1241, 1251, 1257, 1258, 1264, 1273, 1276, 1277, 1278, 1285, 1289, 1290, 1295, 1297, 1298, 1299, 1300, 1301, 1303, 1308, 1313, 1319, 1320, 1321, 1323, 1324, 1330, 1333, 1338, 1339, 1340, 1341, 1342, 1343, 1347, 1349, 1362, 1401, 1403, 1405, 1406, 1408, 1409, 1410, 1411, 1413, 1415, 1417, 1418, 1419, 1420, 1421, 1422, 1423, 1424, 1426, 1427, 1431, 1432, 1441, 1443, 1483, 1484, 1485, 1486, 1487, 1488, 1489, 1490, 1491, 1492, 1494, 1495, 1496, 1498, 1499, 1500, 1501, 1512, 1521, 1525, 1526, 1527, 1528, 1529, 1531, 1533, 1534, 1535, 1536, 1537, 1539, 1540, 1541, 1542, 1543, 1544, 1545, 1546]
is_collision    | mean:   0.000000 | min:   0.000000 | max:   0.000000 | var:   0.000000 | std:   0.000000 |
actual_min_dist | mean:   0.190696 | min:   0.000687 | max:   0.431231 | var:   0.014708 | std:   0.121277 |
nn_min_dist     | mean:  22.425129 | min:   9.500000 | max:  48.250000 | var: 124.086649 | std:  11.139419 |
nn_error        | mean:  22.234434 | min:   9.416809 | max:  47.826236 | var: 121.568320 | std:  11.025802 |
total           | mean:   0.088476 | min:   0.054955 | max:   0.139693 | var:   0.000055 | std:   0.007405 |
set_env         | mean:   0.085340 | min:   0.051879 | max:   0.135517 | var:   0.000054 | std:   0.007364 |
set_qp          | mean:   0.000376 | min:   0.000000 | max:   0.000609 | var:   0.000000 | std:   0.000106 |
solve_qp        | mean:   0.001616 | min:   0.000000 | max:   0.030380 | var:   0.000001 | std:   0.000983 |
get_alpha       | mean:   0.000000 | min:   0.000000 | max:   0.000000 | var:   0.000000 | std:   0.000000 |

