0.00692749 -0.05493164 -0.02246094 0.01599121 -0.00631714 0.02014160 -0.00451660 -0.01123047 -0.06884766 0.36718750 -0.00885010 -0.20898438 0.08300781 -0.20410156 0.01696777 0.05761719 0.00778198 -0.01708984 0.09521484 0.06396484 -0.02575684 0.67968750 -0.01129150 0.36914062 -0.02587891 0.00885010 -0.00567627 -0.60937500 -0.55078125 -0.24218750
-0.05053711 -0.02526855 0.01647949 0.01855469 0.00257874 0.01000977 0.00650024 -0.60546875 0.21679688 -0.07128906 0.56640625 0.06835938 0.18652344 -0.01599121 0.00741577 -0.01623535 -0.03344727 -0.51171875 -0.01153564 0.12402344 0.10693359 -0.08984375 0.01416016 0.07177734 -0.00062943 0.02893066 -0.01599121 -0.38671875 -0.14746094 0.04833984
0.00433350 0.01153564 -0.01373291 0.02075195 0.06250000 -0.06298828 0.02368164 0.02746582 0.02844238 0.05175781 -0.00073242 -0.00189972 0.02526855 0.06542969 -0.04760742 0.29687500 -0.13476562 -0.04174805 -0.03662109 -0.04931641 -0.01416016 -0.02221680 -0.00222778 0.06396484 0.41406250 -0.42187500 -0.06225586 -0.09326172 -0.10888672 -0.06054688
0.00000602 0.10449219 -0.00071716 -0.00028610 0.00015736 0.01989746 -0.00191498 0.60546875 -0.59375000 0.13085938 0.41601562 0.03295898 0.01092529 0.01806641 0.00418091 0.00830078 -0.00415039 0.53906250 -0.48242188 0.03564453 -0.26757812 0.07373047 0.04077148 0.00049591 -0.00729370 0.04125977 0.00491333 -0.08056641 -0.12304688 -0.15722656
-0.00933838 0.11816406 -0.04565430 0.05908203 -0.00306702 -0.05761719 -0.00209045 -0.17773438 -0.20019531 -0.06396484 -0.38085938 0.54296875 0.26757812 0.09375000 -0.00769043 -0.02246094 0.00534058 -0.12255859 -0.20117188 -0.04687500 -0.33789062 0.37500000 0.10693359 -0.13281250 -0.02136230 -0.13867188 -0.00411987 -0.53125000 -0.42578125 -0.12207031
0.05883789 -0.04711914 -0.00135040 0.04711914 0.01275635 -0.02416992 0.07031250 -0.03857422 0.03686523 -0.02978516 -0.11132812 0.04760742 0.18066406 0.08642578 -0.48437500 -0.24121094 -0.19531250 -0.07958984 -0.02404785 -0.08544922 0.01672363 -0.02502441 0.33203125 -0.02380371 0.06542969 -0.32226562 0.14746094 -0.16015625 -0.20214844 -0.18457031
0.00482178 -0.43945312 0.00328064 -0.01147461 -0.00057983 -0.01116943 0.00099182 0.15332031 -0.20898438 0.27539062 -0.35351562 -0.29687500 0.02062988 -0.13476562 -0.00143433 -0.01403809 -0.00260925 0.10546875 -0.15332031 0.32421875 0.24121094 -0.18847656 -0.41406250 0.03100586 -0.01171875 -0.00958252 0.00521851 -0.08789062 -0.11474609 -0.12890625
0.00014400 -0.01440430 0.00147247 -0.07519531 0.01269531 -0.05346680 0.00122070 0.01525879 0.00448608 -0.00534058 -0.00262451 0.02233887 -0.00146484 0.03686523 0.07763672 0.34179688 0.01757812 -0.00180054 -0.00331116 -0.03198242 -0.00370789 0.00692749 -0.02062988 0.08251953 0.79296875 0.42578125 -0.01171875 -0.06835938 -0.07910156 -0.06396484
-0.00036430 0.00588989 0.01422119 -0.36328125 0.00138092 -0.07421875 0.00765991 0.00610352 0.01043701 0.29882812 0.00424194 -0.02209473 -0.07421875 1.35937500 -0.02429199 -0.29492188 -0.01660156 0.00364685 -0.03149414 -0.23046875 0.03271484 -0.08642578 -0.02136230 -0.18359375 0.05297852 0.21582031 -0.00317383 -0.17675781 -0.16406250 -0.10498047
0.00007010 -0.00040054 -0.00411987 -0.05810547 0.00613403 -0.13769531 0.00273132 0.03112793 0.00141907 0.02404785 0.00110626 -0.00205994 0.01306152 -0.04418945 0.67187500 0.36328125 -0.03540039 -0.00285339 0.01831055 0.02441406 0.00958252 0.00842285 0.01220703 0.03808594 0.25976562 0.20898438 0.00466919 0.00732422 0.05810547 0.08593750
-0.00373840 0.36914062 -0.00212097 0.17773438 -0.00515747 0.01745605 -0.00479126 -0.02429199 0.00129700 0.11425781 0.01379395 0.22656250 0.12207031 0.07519531 0.02124023 0.01672363 0.00057602 0.03100586 -0.00164795 0.09765625 0.00805664 -0.28320312 -0.65234375 0.36328125 -0.00335693 0.02526855 -0.00854492 -0.03808594 -0.04321289 -0.00245667
-0.00040817 0.00830078 -0.00028419 -0.09228516 0.00151825 0.02795410 0.00054550 -0.03295898 -0.04150391 -2.12500000 -0.00032234 -0.01300049 0.00118256 -0.02404785 -0.00128174 0.01507568 0.00122833 -0.03588867 -0.01361084 -2.20312500 0.00381470 -0.04345703 0.00225830 0.10839844 -0.00100708 0.04003906 0.00085449 0.34179688 0.31640625 0.29296875
-0.00364685 -0.15527344 0.00236511 -0.01403809 0.00101471 0.00341797 -0.00093460 -0.00163269 -0.45312500 0.48242188 -0.20605469 -0.17089844 0.00921631 0.05493164 -0.00531006 -0.01129150 0.01208496 -0.00111389 -0.33984375 0.38281250 0.02465820 -0.15429688 -0.03881836 -0.02746582 -0.00041580 0.00616455 0.00656128 -0.02673340 -0.07080078 -0.42578125
-0.01916504 0.00634766 -0.00292969 -0.00927734 -0.00193024 0.00494385 0.00393677 0.79296875 0.72656250 0.00781250 -0.42968750 -0.01031494 -0.00732422 -0.01098633 0.00146484 0.00010967 -0.00540161 0.78125000 0.69140625 -0.03320312 0.55468750 -0.00028229 -0.00119019 0.00382996 0.00131989 0.00500488 -0.00292969 -0.05615234 -0.05859375 -0.06542969
-0.00677490 -0.20117188 0.00182343 0.03906250 0.00479126 0.00238037 -0.00219727 0.25390625 -0.62890625 0.06347656 -0.59375000 -0.16015625 -0.01330566 0.00328064 -0.01977539 0.00717163 -0.00628662 0.24414062 -0.58593750 -0.04931641 0.24218750 0.36914062 -0.04711914 -0.00094604 -0.01287842 0.00634766 0.00328064 -0.16699219 -0.11962891 -0.18750000
0.01696777 0.00408936 -0.00253296 0.04492188 0.00130463 0.00933838 0.00133514 0.64843750 0.18066406 -0.02294922 0.67968750 0.01550293 0.16699219 -0.02539062 -0.00842285 0.01348877 0.00433350 0.55078125 0.05078125 -0.00848389 -0.34570312 -0.02197266 0.00134277 -0.05834961 0.00668335 0.00708008 0.00060654 -0.22265625 -0.14648438 -0.08007812
-0.01025391 -0.00720215 0.00698853 0.00595093 0.02355957 -0.05102539 -0.01684570 -0.01757812 -0.02209473 -0.05224609 0.04345703 0.00994873 -0.13867188 -0.02819824 0.67187500 -0.48046875 0.00680542 0.03320312 -0.00695801 -0.00106812 -0.00521851 0.01129150 -0.06445312 0.03515625 0.04760742 -0.34375000 -0.03491211 -0.12402344 -0.11328125 -0.19335938
-0.01196289 0.04516602 0.00622559 -0.00085831 -0.01104736 0.04614258 0.01721191 0.05419922 0.00115204 0.11425781 0.02880859 -0.02783203 -0.00897217 -0.09423828 0.01574707 0.01782227 -0.03491211 -0.09375000 -0.01538086 -0.19042969 -0.00625610 -1.93750000 0.09960938 0.49023438 -0.00069427 0.05541992 0.00314331 -0.41406250 -0.38085938 0.02795410
-0.00723267 -0.05957031 0.01892090 -0.05224609 -0.00225830 -0.00637817 -0.00842285 0.20117188 0.04638672 0.01635742 0.02404785 0.10791016 -0.04028320 -0.16308594 0.00680542 0.00245667 0.00717163 0.28710938 -0.02868652 -0.03198242 0.23828125 0.69531250 -0.37890625 0.07080078 0.01544189 -0.01092529 -0.00939941 -0.24023438 -0.39843750 -0.14355469
0.01245117 -0.00448608 0.00744629 0.02478027 -0.00393677 -0.00506592 -0.00384521 0.65625000 -0.02661133 -0.00270081 0.69140625 -0.00448608 0.19628906 -0.04663086 0.00460815 -0.00939941 0.00564575 0.57031250 -0.04052734 -0.04052734 0.19238281 -0.02636719 0.01147461 -0.03906250 0.00698853 -0.00595093 0.00933838 -0.16796875 -0.09130859 -0.11865234
0.00175476 -0.00640869 -0.00088120 -0.02282715 0.00002587 0.01452637 0.00070572 -0.57421875 -0.00543213 0.58984375 -0.00078201 0.01019287 0.00230408 -0.02319336 0.00009775 0.01171875 -0.00469971 -0.47265625 -0.02893066 0.45117188 -0.00823975 0.05224609 0.00128937 0.01977539 -0.00017166 0.01672363 -0.00270081 0.01043701 -0.01184082 -0.31640625
-0.01245117 -0.00364685 0.00170898 -0.00111389 0.00241089 0.00613403 0.00521851 -0.67578125 0.45703125 -0.17675781 -0.27343750 -0.04907227 0.00564575 0.00430298 -0.00071716 0.00466919 -0.01080322 -0.62109375 0.36523438 -0.19824219 0.37695312 0.04370117 0.00769043 -0.01818848 -0.00176239 0.01068115 0.01062012 -0.11474609 -0.06787109 0.03222656
0.00153351 -0.00729370 -0.00123596 -0.02465820 0.00049210 0.02880859 0.00190735 0.71875000 0.68750000 -0.02539062 -0.40625000 0.02233887 0.00080109 0.01092529 -0.00299072 0.01452637 0.00302124 0.69140625 0.64453125 -0.12060547 -0.38476562 -0.01330566 0.00775146 0.01684570 0.00527954 0.04394531 -0.00111389 -0.06127930 -0.11523438 -0.05639648
0.00494385 0.11572266 0.00227356 0.00921631 0.00089264 -0.02221680 0.00008917 0.02331543 0.68750000 -0.52343750 0.34375000 0.31250000 -0.01794434 -0.01031494 -0.00352478 -0.01342773 -0.00793457 -0.05517578 0.65234375 -0.92968750 0.05859375 0.20898438 -0.00506592 -0.00747681 -0.00518799 -0.04296875 -0.00212097 0.01855469 0.06982422 0.01214600
0.00451660 -0.01818848 -0.00421143 0.04882812 -0.00151062 -0.00769043 -0.00159454 0.27734375 0.75390625 -0.06689453 0.27929688 0.01257324 0.03710938 0.02404785 -0.00218201 -0.01708984 0.00714111 0.16699219 0.69531250 0.05957031 -0.71484375 -0.01818848 -0.00012493 -0.05493164 0.00714111 -0.00830078 0.00049210 -0.19433594 -0.29882812 0.05981445
-0.00239563 0.16601562 -0.03735352 0.13378906 -0.00567627 -0.00952148 -0.01519775 0.02331543 0.00866699 -0.10839844 -0.07031250 -0.08398438 -0.39453125 -0.06787109 -0.33007812 -0.48437500 0.32421875 0.03295898 -0.03857422 -0.08837891 -0.02636719 -0.08935547 0.12109375 -0.01068115 -0.10156250 -0.22167969 0.14355469 -0.07324219 -0.28125000 -0.25390625
0.01293945 -0.02783203 0.00152588 0.08447266 0.00747681 -0.01391602 0.00653076 -0.45703125 0.21679688 -0.02587891 -0.60546875 0.10302734 0.36718750 -0.13281250 -0.00817871 0.00915527 0.00225830 -0.36328125 0.17871094 -0.02856445 -0.18945312 -0.03417969 0.05737305 -0.14746094 0.01660156 -0.03271484 -0.00048828 -0.18359375 -0.08886719 -0.11669922
0.00466919 -0.03491211 0.01361084 -0.08154297 -0.05834961 -0.00241089 0.00677490 0.00686646 -0.02001953 0.03833008 -0.01208496 0.02502441 -0.84765625 -0.66015625 -0.00090790 0.00653076 -0.01684570 -0.00030136 0.01782227 0.04492188 0.00714111 0.03442383 0.23046875 -0.14648438 0.07763672 -0.02111816 -0.01049805 -0.10253906 -0.12207031 -0.16210938
-0.00260925 -0.21679688 -0.00238037 -0.02136230 -0.00347900 -0.03112793 -0.00225830 0.03247070 -0.00059128 0.02026367 0.00341797 -0.33593750 -0.16015625 -0.71875000 0.00527954 0.00909424 -0.00619507 -0.02770996 0.02111816 0.01446533 -0.02465820 0.49609375 -0.85937500 -0.21679688 -0.00756836 -0.06201172 0.00321960 -0.22949219 -0.24804688 -0.27148438
0.00909424 0.30468750 -0.00097656 -0.02172852 0.00303650 -0.01556396 -0.00515747 -0.24902344 -0.35156250 0.43750000 0.28320312 0.25976562 -0.01007080 -0.05761719 -0.00364685 0.00250244 0.00546265 -0.19726562 -0.32226562 0.41210938 0.22363281 -0.18945312 0.15722656 0.01367188 0.00415039 -0.02709961 -0.00379944 -0.08837891 -0.07958984 -0.29492188
-0.00933838 -0.23535156 -0.00009012 0.04370117 0.00144958 -0.01184082 0.00042152 -0.69140625 0.08496094 0.14453125 0.06542969 -0.05102539 -0.00384521 0.05249023 -0.00169373 -0.00558472 -0.01464844 -0.68750000 0.01013184 0.07910156 -0.53906250 0.31835938 -0.03247070 -0.03784180 -0.00110626 -0.01428223 -0.00683594 -0.11816406 -0.07568359 -0.18554688
-0.06396484 -0.00118256 0.01190186 0.04565430 -0.00445557 0.03173828 0.00668335 -0.40039062 -0.33789062 -0.00878906 -0.47851562 -0.03125000 0.34570312 -0.09814453 0.00137329 0.01977539 -0.01104736 -0.25585938 -0.33007812 -0.04418945 0.30078125 -0.06835938 -0.00283813 -0.09667969 0.01336670 0.02368164 0.00732422 -0.19628906 -0.10693359 -0.16113281
-0.00701904 0.31835938 -0.00320435 -0.00842285 -0.00094223 0.00909424 0.00317383 -0.35546875 0.23144531 0.49414062 -0.16406250 0.30078125 -0.00205994 -0.09277344 -0.00207520 0.00527954 -0.01220703 -0.27148438 0.15820312 0.45703125 0.31250000 -0.24707031 0.17382812 0.00104523 0.00218201 0.01562500 -0.00004435 -0.08740234 -0.08935547 -0.36132812
0.00588989 -0.09179688 -0.00292969 0.03417969 -0.00257874 -0.00494385 -0.00133514 -0.39257812 0.66015625 -0.57421875 -0.32617188 -0.18359375 -0.00558472 -0.00982666 0.00836182 0.00714111 0.00555420 -0.32226562 0.61718750 -0.52734375 0.20800781 0.24804688 0.00671387 -0.01416016 -0.00065613 -0.01202393 -0.00051117 0.05029297 -0.02917480 0.10302734
-0.00350952 0.00236511 -0.00152588 -0.01495361 -0.00270081 -0.00257874 -0.00162506 -0.92578125 0.12695312 0.02832031 0.78515625 0.00021458 -0.04223633 -0.00885010 0.00482178 -0.00387573 -0.00891113 -0.90625000 0.11230469 -0.03491211 0.02502441 -0.00332642 0.00643921 0.01562500 0.00053406 -0.00389099 0.00445557 -0.03417969 -0.14355469 -0.03564453
0.00323486 0.01037598 -0.00038528 0.01300049 -0.00080490 0.00053787 0.00057983 -0.30273438 -0.93750000 -0.00616455 -0.25000000 -0.01403809 0.04858398 0.00329590 0.00601196 0.00729370 -0.00052643 -0.22070312 -0.87890625 -0.05004883 0.72265625 0.01263428 0.00273132 -0.02563477 -0.00506592 0.00405884 0.00205994 -0.06640625 -0.12890625 -0.03784180
0.00369263 -0.27539062 0.00860596 -0.05102539 -0.00335693 -0.00720215 0.00101471 -0.01245117 0.01080322 -0.01153564 0.00161743 -0.13867188 0.53515625 -0.44335938 -0.00860596 -0.00352478 -0.00567627 -0.00531006 -0.00527954 -0.08642578 0.01190186 0.33203125 0.66406250 -0.25195312 -0.00381470 -0.02258301 -0.00343323 -0.19042969 -0.18457031 -0.13671875
0.00152588 -0.14160156 -0.00115204 0.01556396 -0.00104523 0.01025391 0.00439453 0.65234375 -0.41992188 0.21875000 -0.29296875 -0.11083984 -0.00230408 0.02270508 0.00778198 -0.00144958 -0.01434326 0.60156250 -0.37890625 0.12500000 0.46093750 0.11865234 -0.04467773 -0.01757812 0.00189209 0.01354980 -0.00148773 -0.11621094 -0.06298828 -0.21679688
0.00081253 0.14550781 -0.00052643 0.00750732 -0.00306702 0.01843262 -0.00053787 -0.73437500 -0.24902344 -0.66796875 -0.11035156 0.23730469 -0.02636719 -0.03344727 0.01092529 0.00139618 -0.00451660 -0.67578125 -0.29101562 -0.71093750 -0.33593750 0.13671875 -0.00104523 0.00328064 0.00518799 0.02416992 0.00309753 0.01879883 0.01300049 0.09570312
0.00247192 -0.02893066 -0.00080490 0.01055908 -0.00159454 -0.00023174 0.00128937 0.80859375 -0.46679688 0.01275635 -0.72265625 0.03662109 -0.05859375 -0.02050781 -0.00140381 0.00060654 -0.00100708 0.75781250 -0.32031250 -0.04101562 -0.30273438 -0.00094986 -0.00117493 -0.01660156 0.00004458 -0.00022697 -0.00187683 -0.15820312 -0.12597656 -0.06640625
0.00970459 -0.22460938 0.01782227 -0.02453613 0.00157928 -0.02209473 -0.00157166 -0.04272461 -0.05786133 -0.04125977 -0.03051758 -0.39648438 -0.16503906 -0.40820312 0.00607300 0.03515625 0.01269531 0.00579834 0.07373047 -0.23535156 -0.04028320 -0.11669922 0.62500000 -0.45898438 -0.00224304 -0.04418945 0.00775146 -0.19824219 -0.24902344 -0.20605469
-0.00570679 -0.01538086 -0.00210571 -0.00068283 -0.00061035 -0.01928711 -0.00075912 -0.66015625 0.56250000 -0.05200195 0.47460938 0.03271484 -0.14257812 -0.00631714 0.00183105 -0.02380371 0.00671387 -0.57031250 0.39648438 -0.04296875 0.54687500 -0.00677490 0.01403809 -0.00939941 -0.00534058 -0.02868652 0.00177765 -0.14257812 -0.14550781 -0.02539062
-0.00616455 -0.08203125 -0.04418945 0.21679688 -0.00139618 -0.00415039 0.00970459 -0.00360107 -0.02221680 0.04321289 0.02246094 0.33203125 -0.67187500 0.01538086 0.00463867 -0.01007080 -0.01440430 -0.01177979 0.00634766 -0.10693359 0.01367188 0.51953125 -0.12353516 0.30664062 -0.00521851 -0.01831055 0.00793457 -0.19433594 -0.20410156 -0.17480469
0.02551270 -0.05297852 -0.00361633 0.08300781 0.00698853 -0.02355957 0.00224304 0.38671875 -0.52734375 -0.09570312 0.44140625 0.06347656 -0.03320312 0.02856445 -0.01660156 -0.01544189 0.00503540 0.42773438 -0.48242188 0.01403809 0.54296875 -0.04907227 -0.01348877 -0.04614258 -0.00927734 -0.03125000 -0.01232910 -0.27734375 -0.23535156 -0.00662231
-0.00518799 -0.22167969 0.01306152 0.08984375 -0.00543213 -0.01263428 0.00509644 -0.01226807 0.00140381 -0.75390625 0.02087402 -0.45312500 0.06494141 -0.14941406 -0.00610352 0.00297546 -0.00939941 0.02563477 -0.02514648 -0.69140625 0.01184082 0.23925781 0.56640625 0.05053711 -0.00765991 -0.02624512 0.00634766 -0.05615234 -0.00303650 0.04760742
-0.01806641 -0.27148438 0.00338745 0.06933594 -0.01147461 0.00111389 0.00448608 -0.32421875 0.05029297 -0.25781250 0.03320312 -0.28906250 0.03417969 0.03686523 0.01696777 0.00921631 -0.00494385 -0.56640625 -0.03344727 -0.25390625 0.42773438 0.10156250 -0.13085938 -0.20898438 0.00564575 0.00811768 -0.00144196 -0.00534058 -0.21484375 -0.03759766
0.01159668 -0.25195312 -0.00610352 0.05615234 0.00236511 -0.01135254 -0.00165558 0.43164062 0.51171875 0.06347656 0.58593750 -0.24218750 0.00402832 -0.01586914 -0.00704956 -0.01525879 0.01037598 0.43945312 0.50000000 -0.00958252 0.51953125 0.17871094 -0.03515625 -0.00646973 -0.00273132 -0.00866699 0.00393677 -0.11669922 -0.16015625 -0.22460938
-0.00360107 -0.00259399 0.00650024 -0.03369141 -0.00222778 0.05249023 0.00720215 -0.05957031 0.00460815 -0.38281250 0.01336670 0.04907227 -0.04248047 -0.52734375 -0.08105469 0.32617188 -0.01623535 -0.05175781 -0.01458740 -0.11572266 0.01300049 0.22265625 -0.02697754 0.30468750 0.10449219 -0.22851562 0.00303650 0.30664062 0.31054688 0.46679688
0.01232910 -0.18457031 0.00227356 -0.18261719 0.00405884 -0.06103516 -0.00595093 0.00717163 0.00178528 0.08007812 -0.01867676 -0.10058594 0.34960938 0.23144531 -0.00233459 -0.01684570 0.00970459 0.03662109 -0.00068665 0.09277344 0.00531006 0.41992188 -0.26757812 -0.35546875 0.00302124 -0.08251953 0.00778198 -0.04248047 -0.04785156 -0.13574219
0.00610352 0.09130859 0.02355957 0.10449219 -0.00521851 -0.05126953 -0.03222656 -0.20410156 0.03295898 -0.17675781 -0.29101562 -0.40234375 0.39062500 -0.04125977 0.02795410 0.01916504 0.07861328 -0.19238281 0.25195312 0.06005859 0.25976562 0.04296875 0.14257812 -0.15527344 -0.01904297 -0.06689453 0.00421143 -0.16796875 -0.13281250 -0.05273438
0.00331116 0.27343750 0.00708008 0.07910156 -0.00296021 -0.02258301 -0.00080109 0.40820312 0.37695312 0.05541992 -0.49804688 0.30078125 -0.01409912 -0.04492188 0.00744629 -0.01287842 0.00369263 0.46679688 0.39062500 0.00212097 -0.57031250 0.05615234 0.01782227 -0.03088379 -0.00299072 -0.03540039 0.00064468 -0.10839844 -0.13964844 -0.24218750
0.00384521 -0.02600098 0.00144958 0.03125000 0.00085068 -0.02331543 0.00056458 0.65234375 0.60546875 -0.09228516 -0.48046875 0.02502441 -0.04467773 0.00030899 0.00178528 -0.00735474 0.00349426 0.62109375 0.55468750 0.04223633 0.51562500 -0.00540161 -0.00024796 -0.04467773 0.01007080 -0.03173828 0.00180054 -0.14160156 -0.13964844 -0.00625610
-0.00726318 -0.06005859 -0.00552368 0.01940918 0.02453613 -0.06396484 0.00109100 0.18554688 0.38867188 -0.01635742 0.41601562 0.08056641 0.32226562 -0.05737305 -0.05859375 -0.02648926 -0.00537109 0.10302734 0.43554688 0.00659180 -0.09082031 -0.00848389 -0.07958984 -0.15625000 0.02819824 -0.10400391 -0.02026367 -0.14355469 -0.05004883 -0.06787109
-0.00075531 0.06298828 -0.00122833 -0.02062988 0.00140381 -0.01531982 0.00078583 -0.13085938 0.13085938 -0.07714844 0.19238281 0.30664062 -0.57421875 0.13183594 -0.03515625 0.01635742 0.02307129 -0.12060547 0.13183594 -0.04882812 0.01806641 -0.10009766 -0.05004883 -0.01904297 0.01202393 -0.05078125 -0.01525879 -0.21289062 -0.16015625 0.01660156
-0.02966309 -0.01428223 -0.01080322 -0.01696777 0.06542969 -0.10644531 -0.02966309 -0.04614258 -0.01855469 -0.02819824 0.05346680 0.04931641 0.02258301 0.02624512 -0.07958984 0.11865234 0.27734375 -0.02734375 0.04956055 -0.02661133 -0.00119019 -0.02648926 0.01892090 -0.00854492 0.36914062 -0.35742188 0.29492188 -0.17578125 -0.13769531 -0.09960938
0.00527954 0.01104736 -0.00358582 0.03540039 0.01354980 -0.14160156 -0.00011158 0.03015137 0.06030273 0.00256348 0.00113678 -0.02038574 -0.00355530 0.03662109 -0.03442383 0.31445312 0.69531250 -0.04150391 -0.04370117 -0.01770020 -0.00799561 -0.00579834 -0.01171875 -0.04565430 0.02783203 -0.05712891 -0.70312500 -0.01452637 -0.06030273 -0.05957031
-0.00370789 0.00225830 0.00152588 0.02966309 0.00061417 -0.00817871 -0.00059891 0.76562500 0.64843750 -0.03369141 0.54296875 0.00090790 0.03149414 0.01367188 0.00106049 -0.00204468 -0.00466919 0.73437500 0.57031250 -0.05224609 -0.43750000 0.00188446 0.00903320 -0.03955078 0.00032234 -0.01287842 0.00283813 -0.10156250 -0.06835938 -0.02282715
-0.00099945 0.05688477 -0.03930664 -0.03710938 0.00210571 -0.01257324 -0.00576782 -0.01599121 -0.01483154 0.00034714 0.02124023 -0.00592041 -0.12207031 -0.20019531 -0.00811768 -0.00009346 0.01574707 0.01757812 0.01385498 0.02868652 -0.00927734 0.82031250 0.66406250 -0.16406250 0.01324463 -0.02758789 -0.00321960 -0.23437500 -0.23535156 -0.17871094
-0.00215149 -0.00335693 0.00466919 0.02722168 -0.00476074 -0.00344849 -0.00245667 0.89843750 -0.07031250 -0.03906250 -0.80859375 -0.01440430 -0.06591797 0.00619507 0.00451660 0.00723267 0.00485229 0.86718750 -0.11230469 -0.01269531 0.11083984 -0.00292969 0.00625610 -0.03466797 -0.01049805 -0.01019287 0.00025940 -0.16796875 -0.04077148 -0.03222656
0.00187683 -0.05151367 0.08837891 -0.00588989 0.00823975 -0.00494385 0.00004601 -0.08496094 -0.00897217 0.02014160 -0.03735352 0.06152344 0.82812500 -0.20996094 -0.00994873 0.01147461 -0.00282288 0.05395508 -0.03125000 -0.23535156 0.02575684 -0.82031250 0.15722656 -0.14550781 -0.00927734 -0.03247070 0.01159668 -0.57812500 -0.47656250 0.23339844
0.00014687 -0.01354980 -0.00074005 -0.01245117 -0.00158691 -0.00531006 -0.00106049 0.02124023 0.03088379 -0.73828125 -0.00027466 0.02404785 0.00113678 -0.03955078 -0.00424194 -0.00277710 0.00099945 -0.02172852 -0.02917480 -0.73046875 -0.00335693 0.79687500 -0.02050781 0.07958984 -0.00485229 -0.01104736 -0.00020313 0.06005859 0.06787109 0.12255859
-0.00207520 -0.00927734 -0.00143433 0.01452637 -0.00312805 -0.00303650 0.00193787 0.30664062 0.96875000 0.00527954 0.26171875 0.01043701 0.03784180 0.01293945 0.00302124 0.00537109 -0.00086594 0.26953125 0.93359375 -0.03442383 -0.74609375 -0.00558472 0.00131226 -0.01867676 0.00454712 -0.01177979 -0.00628662 -0.12451172 -0.08984375 -0.02160645
0.01025391 -0.03125000 0.00506592 -0.14453125 0.03149414 0.07128906 0.02746582 0.01263428 0.00084686 0.07519531 -0.01513672 -0.03149414 -0.04760742 0.87890625 -0.17871094 0.01184082 -0.14550781 0.04492188 0.05395508 -0.02404785 0.05688477 -0.27929688 0.00044250 -0.21484375 -0.31445312 -0.25390625 -0.00509644 -0.29492188 -0.25390625 -0.14453125
-0.00143433 -0.01470947 0.00054169 -0.01507568 -0.00079346 0.00029182 -0.00145721 0.68750000 0.07812500 0.58593750 0.00139618 0.02185059 -0.00595093 -0.01696777 0.00433350 0.00099945 0.00671387 0.59765625 -0.00964355 0.43750000 -0.00201416 0.02648926 -0.00004053 0.01733398 0.00442505 -0.00369263 -0.00116730 -0.05297852 0.00793457 -0.34960938
-0.00469971 0.06127930 0.00205994 -0.06347656 0.00180817 0.01208496 0.00256348 -0.00297546 -0.00921631 0.02185059 0.02001953 -0.14160156 0.77734375 -0.67968750 0.00601196 0.01660156 -0.01232910 0.01397705 0.00296021 0.00120544 0.00132751 0.04296875 -0.56640625 -0.15332031 -0.01403809 -0.00075912 -0.00958252 -0.08544922 -0.11474609 -0.13769531
0.00048828 -0.02612305 -0.00259399 -0.06884766 -0.00053406 0.01086426 0.00083923 0.26953125 -0.13281250 -0.95703125 -0.00049210 0.04638672 0.00631714 -0.02880859 0.00059128 0.00390625 -0.00231934 0.23535156 -0.10351562 -0.97265625 0.01293945 0.35742188 0.00209045 0.10888672 -0.00162506 0.02099609 -0.00588989 0.20605469 0.22851562 0.20898438
0.00213623 -0.00303650 0.00126648 -0.01672363 -0.00035858 -0.00238037 -0.00160217 0.53515625 -0.78515625 -0.15722656 0.00466919 -0.00067520 -0.00260925 -0.00506592 0.00196838 0.00497437 0.00069046 0.39843750 -0.71093750 -0.24316406 -0.00662231 -0.00079346 -0.00043106 0.02124023 -0.00038147 -0.00424194 0.00242615 -0.00228882 -0.04003906 0.03833008
0.00195312 0.19824219 -0.00167847 0.10742188 -0.00367737 -0.00756836 0.00659180 0.00848389 0.01531982 -0.69921875 -0.00576782 0.47460938 -0.02282715 -0.22753906 0.00717163 -0.00854492 -0.01165771 -0.00233459 -0.06591797 -0.73828125 0.03320312 0.35937500 -0.55078125 -0.09277344 -0.00194550 -0.00772095 0.00445557 -0.00817871 -0.04907227 -0.00765991
-0.00176239 -0.00262451 -0.00279236 0.00469971 -0.00135803 -0.00370789 0.00210571 0.69921875 -0.82421875 -0.00933838 0.48828125 0.01422119 0.01904297 0.01550293 -0.00337219 0.00046349 -0.00205994 0.71093750 -0.79296875 -0.04052734 0.64843750 0.00665283 0.00119019 -0.00527954 0.00083160 -0.00836182 0.00075531 -0.01623535 -0.08251953 -0.04101562
-0.01007080 0.00711060 -0.00005245 0.03271484 -0.01623535 -0.02636719 0.00683594 -0.01135254 -0.02673340 -0.03759766 0.02111816 -0.02832031 0.02172852 -0.00314331 0.41992188 0.03759766 0.58203125 0.01373291 0.04443359 -0.03247070 -0.00354004 -0.01086426 0.00775146 -0.06298828 -0.06982422 -0.04980469 0.03344727 -0.10546875 -0.03564453 -0.09228516
-0.00230408 -0.02209473 -0.00631714 -0.31250000 -0.00381470 0.01867676 0.00176239 0.00729370 0.01696777 0.02954102 0.00016212 -0.00958252 -0.02795410 0.34765625 -0.00598145 0.03881836 -0.00209045 -0.01672363 -0.01843262 0.16113281 0.00352478 0.04467773 0.02856445 -0.79687500 0.01574707 0.00469971 -0.00726318 0.14062500 0.14257812 0.16503906
0.02001953 0.19042969 -0.00323486 0.07128906 0.00250244 -0.00582886 -0.00228882 -0.28906250 -0.51953125 0.02050781 0.54687500 0.26367188 0.02453613 -0.00408936 -0.01275635 -0.01019287 0.00189209 -0.24023438 -0.51953125 -0.00306702 0.37695312 0.33203125 0.05151367 -0.03662109 -0.00049210 -0.00659180 0.00297546 -0.17578125 -0.09619141 -0.17089844
-0.00042725 0.10742188 0.03613281 0.03881836 0.00872803 0.02160645 0.00433350 0.05615234 -0.03295898 -0.83203125 -0.03906250 0.23730469 0.64843750 0.12011719 -0.02209473 -0.00964355 -0.01147461 -0.05566406 -0.02502441 -0.85156250 0.00482178 0.51171875 0.23046875 -0.08984375 -0.00698853 0.04638672 -0.00946045 -0.17480469 -0.11865234 -0.05175781
0.00982666 0.21582031 0.00686646 0.06127930 -0.01318359 0.00668335 0.00579834 -0.03857422 0.00653076 0.04980469 -0.00176239 0.50781250 -0.22460938 -0.37695312 0.02783203 0.02502441 -0.00402832 0.02819824 -0.00364685 0.04125977 -0.00072098 0.08105469 0.66796875 0.17675781 0.00610352 0.00964355 -0.00075531 -0.23925781 -0.22070312 -0.15625000
-0.01177979 0.03857422 0.02185059 0.38281250 -0.00491333 0.02563477 -0.00367737 0.01660156 -0.00014400 0.14550781 0.03808594 -0.08398438 0.92187500 0.85937500 0.01867676 0.04125977 -0.00263977 -0.02124023 0.01013184 -0.07226562 -0.00224304 -0.14843750 -0.05615234 0.04785156 0.02258301 0.01232910 -0.00711060 -0.15136719 -0.16503906 -0.12792969
0.01153564 0.02685547 0.02453613 0.05297852 -0.02319336 0.09863281 0.00390625 0.01623535 0.01043701 0.05371094 -0.00939941 -0.05639648 -0.05468750 0.08691406 0.18750000 -0.28320312 -0.00485229 0.00130463 -0.00561523 -0.08007812 -0.00309753 0.00497437 0.04101562 -0.03198242 0.57812500 -0.34570312 0.05444336 -0.07177734 -0.09326172 -0.04785156
0.00329590 -0.00127411 -0.00361633 -0.00848389 -0.00335693 -0.29687500 0.00463867 0.01599121 0.05078125 0.12792969 -0.00028610 0.00277710 0.00588989 0.03686523 0.00622559 -1.19531250 -0.01489258 -0.01635742 -0.08691406 -0.07763672 0.00686646 0.04565430 -0.00573730 0.19921875 0.24023438 0.24804688 -0.00136566 0.08544922 0.09912109 0.16406250
-0.08007812 0.04174805 -0.00210571 0.07470703 0.00735474 -0.05126953 -0.01025391 0.43554688 -0.13183594 -0.03613281 -0.35156250 -0.06982422 -0.35742188 -0.05371094 -0.01220703 -0.04516602 0.02807617 0.34570312 -0.04467773 0.00680542 -0.31445312 -0.05200195 -0.00872803 -0.12207031 0.01525879 -0.06542969 0.01214600 -0.25195312 -0.01879883 -0.10937500
0.00375366 0.21972656 -0.00051117 0.05664062 0.00296021 -0.01794434 0.00002718 -0.05444336 0.52734375 0.05126953 -0.67578125 0.28906250 -0.00189972 -0.01013184 -0.00488281 -0.01452637 0.00096512 0.12109375 0.55859375 0.01940918 -0.01831055 0.24023438 0.04418945 -0.01843262 -0.00352478 -0.01684570 -0.00127411 -0.10351562 -0.17382812 -0.20410156
-0.00424194 -0.02844238 0.00497437 0.09082031 -0.01904297 0.00976562 0.00343323 -0.06176758 -0.50390625 -0.13085938 0.22070312 0.15722656 0.23730469 -0.08593750 0.03979492 -0.04541016 -0.00454712 -0.23632812 -0.58984375 0.02893066 -0.49414062 -0.13769531 -0.03564453 0.09521484 0.01989746 0.05664062 0.00463867 -0.06884766 -0.35156250 -0.07128906
0.01062012 0.00476074 -0.00013161 0.00302124 -0.02758789 0.04882812 -0.01275635 0.01452637 -0.06347656 0.01989746 -0.00903320 0.00163269 -0.01611328 0.01721191 -0.62109375 -0.25585938 0.02856445 -0.00564575 0.06445312 -0.06079102 0.00074387 0.02038574 0.01245117 -0.00552368 0.41210938 -0.41210938 0.02282715 -0.20214844 -0.13085938 -0.10498047
-0.00662231 0.20214844 -0.00097275 0.06005859 -0.00017452 -0.00994873 0.00001049 -0.55468750 -0.29882812 0.03344727 0.48046875 0.24121094 0.01257324 -0.02697754 -0.00460815 0.00260925 -0.00004721 -0.55468750 -0.35156250 -0.01104736 0.56640625 0.17675781 0.05200195 -0.01306152 -0.00303650 -0.01525879 0.00424194 -0.09912109 -0.12988281 -0.17480469
-0.00155640 -0.00534058 -0.00268555 -0.03222656 0.00270081 0.02209473 0.00199890 0.21777344 -0.60546875 0.56250000 -0.00579834 0.01416016 -0.00320435 -0.01818848 -0.00463867 0.01031494 -0.00610352 0.20507812 -0.47460938 0.41992188 0.00531006 0.04492188 -0.00248718 0.03759766 0.00288391 0.03564453 0.00078201 -0.02722168 -0.00248718 -0.31640625
-0.00130463 -0.00799561 -0.00303650 -0.03088379 -0.00166321 0.00373840 -0.00026321 -0.74218750 0.30664062 -0.66796875 -0.01232910 0.02990723 -0.00106049 -0.00927734 0.00263977 0.00421143 0.00172424 -0.67578125 0.23535156 -0.73437500 -0.00454712 -0.00540161 0.00321960 0.04101562 0.00582886 0.00201416 -0.00433350 0.05346680 0.07763672 0.12304688
0.00291443 -0.00044060 -0.00044632 -0.02209473 0.00335693 -0.00045967 -0.00041771 -0.29296875 0.60546875 -0.50781250 -0.05004883 0.00146484 0.00970459 -0.02807617 0.00375366 0.00509644 -0.00023460 -0.21484375 0.55859375 -0.53906250 -0.09716797 -0.08642578 -0.01177979 0.02819824 -0.00037193 -0.00720215 -0.00090027 0.05468750 0.01672363 0.12011719
0.00154877 -0.02392578 -0.00372314 -0.06054688 0.00732422 -0.11718750 -0.00328064 -0.01208496 0.03320312 0.03063965 0.01525879 0.03393555 0.01208496 -0.01495361 -0.75390625 0.43554688 -0.02111816 0.01818848 -0.03808594 0.01062012 0.00527954 0.02636719 -0.00114441 0.02832031 0.27929688 0.28906250 0.02905273 -0.07812500 -0.04687500 0.01348877
0.00421143 0.27148438 -0.00231934 0.01904297 -0.00119019 -0.00988770 -0.00479126 -0.00109100 0.03808594 0.40625000 -0.01232910 0.09179688 0.01147461 -0.41210938 0.01196289 -0.00479126 0.01904297 0.02514648 -0.02038574 0.50000000 0.00048637 -0.86328125 0.53125000 0.04101562 -0.01409912 -0.00622559 0.01007080 -0.27148438 -0.35156250 -0.22949219
-0.01086426 -0.20996094 0.00260925 0.09277344 0.00035286 -0.01300049 0.00260925 0.05419922 0.51953125 0.03173828 0.71093750 -0.33007812 -0.01287842 -0.03344727 0.01098633 -0.01110840 -0.01080322 0.01647949 0.56640625 0.00358582 0.03613281 0.15820312 -0.02392578 -0.05200195 -0.00331116 -0.02490234 0.00598145 -0.11328125 -0.14941406 -0.21972656
-0.01635742 0.16406250 0.00027657 0.15039062 0.00231934 0.03369141 0.01513672 0.08886719 0.00753784 0.09033203 0.00160217 -0.00006199 -0.06347656 1.18750000 -0.01098633 0.03149414 -0.03710938 -0.02307129 -0.02722168 -0.10888672 0.00625610 -0.16796875 0.50781250 0.09765625 0.00692749 0.07958984 0.02990723 -0.08154297 0.03906250 -0.04028320
0.00387573 0.18359375 0.00314331 0.05395508 0.00037575 -0.01538086 -0.00601196 -0.42382812 0.51953125 0.03320312 -0.64062500 0.22558594 0.01306152 -0.04956055 0.00683594 -0.00897217 0.01031494 -0.37500000 0.49023438 0.01202393 0.30859375 0.16894531 0.06591797 -0.02526855 -0.00343323 -0.02087402 0.00063705 -0.10351562 -0.17968750 -0.16210938
-0.00065231 -0.26562500 -0.00318909 0.00717163 -0.00592041 -0.01770020 0.00515747 0.39843750 0.02770996 -0.30664062 0.05151367 -0.30273438 0.04833984 0.02844238 -0.00534058 -0.00607300 -0.00384521 0.60546875 -0.08642578 -0.35742188 -0.47070312 0.06835938 -0.12353516 -0.11962891 0.00116730 -0.02172852 0.00212097 -0.04223633 -0.19628906 -0.04785156
0.01544189 0.00460815 0.00303650 0.04980469 -0.00512695 0.00500488 -0.00543213 -0.07666016 0.42578125 -0.02172852 -0.27539062 0.03710938 0.38281250 -0.11669922 -0.02319336 0.00866699 -0.00756836 -0.01409912 0.41015625 -0.01745605 -0.54296875 -0.00147247 0.06298828 -0.10986328 0.01556396 -0.00176239 -0.01062012 -0.17285156 -0.08398438 -0.13769531
0.00546265 0.00988770 -0.00092316 0.01092529 0.00006485 0.00695801 -0.00184631 -0.67578125 0.81250000 -0.00714111 -0.50000000 -0.02185059 0.05273438 0.00305176 0.00180054 0.00005531 -0.00231934 -0.71093750 0.82421875 -0.02270508 -0.65234375 0.00041008 0.00759888 -0.01782227 -0.00205994 0.00866699 0.00245667 -0.07910156 -0.04711914 -0.06054688
0.00169373 -0.00363159 0.01098633 -0.24609375 0.00521851 -0.02661133 0.00579834 -0.00076675 0.01409912 -0.05029297 0.00000995 -0.06640625 0.00188446 0.07080078 -0.01257324 -0.00114441 -0.00479126 0.00781250 -0.01104736 -0.27343750 -0.00378418 -1.89843750 -0.05859375 -0.26953125 0.01916504 -0.04370117 -0.02502441 -0.13281250 -0.07128906 -0.19238281
-0.00199890 0.03002930 -0.00885010 -0.01660156 -0.00891113 -0.01159668 -0.00457764 -0.03466797 -0.47265625 -0.01989746 0.29882812 -0.08154297 -0.38671875 -0.03955078 0.02172852 -0.00309753 0.00933838 -0.06250000 -0.38085938 -0.01489258 -0.38085938 0.02221680 -0.04223633 -0.02795410 0.00292969 -0.03222656 0.01403809 -0.08398438 -0.18164062 -0.10498047
0.03881836 0.00570679 -0.00077057 0.04565430 -0.00099945 -0.00656128 -0.00379944 -0.28320312 -0.69140625 -0.06298828 -0.32226562 0.00078201 0.09619141 -0.00555420 0.00616455 -0.00582886 0.00720215 -0.16210938 -0.61328125 -0.04028320 0.67187500 -0.02917480 0.00683594 -0.05883789 0.00195312 -0.00361633 -0.00466919 -0.10058594 -0.22070312 -0.05981445
0.00408936 -0.24023438 -0.02087402 0.03808594 -0.01293945 0.02990723 0.00046921 0.07666016 -0.00537109 0.15527344 0.01623535 0.08154297 0.29492188 0.00363159 0.03662109 0.00601196 0.01599121 -0.09228516 0.03466797 -0.01696777 0.01623535 -1.19531250 -0.61328125 0.12500000 0.01184082 0.04614258 0.04077148 -0.29687500 -0.25195312 0.03637695
-0.00765991 -0.36718750 0.03015137 0.03833008 0.00245667 -0.01214600 -0.00854492 0.04565430 0.00988770 0.10498047 0.02258301 -0.07128906 0.37890625 -0.04931641 0.01184082 -0.00224304 0.02001953 -0.04418945 -0.03344727 0.04638672 0.00315857 -0.24804688 0.30468750 0.32617188 0.03906250 -0.01263428 0.00436401 -0.10644531 -0.14746094 -0.20605469
0.00466919 0.00805664 0.02697754 0.02954102 -0.00253296 0.00350952 -0.00215149 0.03808594 -0.00087357 0.14746094 -0.01684570 -0.49804688 -0.26562500 -0.40625000 0.00415039 -0.01623535 0.00008345 -0.09765625 -0.03320312 0.22753906 0.00701904 0.34960938 0.57812500 -0.01495361 0.01336670 -0.00157928 0.00830078 -0.46679688 -0.42578125 -0.08007812
-0.00442505 0.12353516 -0.00078201 -0.01147461 -0.00088882 -0.01208496 -0.00160980 0.19921875 -0.67187500 -0.71484375 -0.25390625 0.21972656 -0.00738525 -0.02221680 -0.00106049 -0.01361084 -0.00170135 0.13867188 -0.60546875 -0.88281250 0.03173828 0.20214844 -0.00183868 0.04003906 -0.00294495 -0.01794434 0.00640869 0.06689453 0.01489258 0.10156250
-0.00218201 -0.37890625 0.02709961 -0.02087402 0.00161743 -0.01635742 0.01611328 -0.00056458 0.01556396 -0.05883789 -0.03393555 0.03295898 -0.36132812 -0.09960938 0.00762939 -0.01123047 -0.01953125 -0.04077148 -0.02197266 -0.41210938 0.01287842 -0.82812500 -0.78515625 -0.14843750 0.00077820 -0.04882812 -0.01831055 -0.29296875 -0.22167969 -0.10449219
-0.00418091 -0.19824219 -0.00302124 0.04394531 0.00273132 -0.00037575 -0.00150299 -0.47460938 0.58203125 0.07421875 0.54687500 -0.15722656 0.01171875 0.00878906 0.00043106 -0.00320435 0.00317383 -0.42968750 0.57031250 0.01171875 -0.39062500 0.30468750 -0.05566406 -0.02392578 -0.00695801 0.00308228 0.01208496 -0.16796875 -0.14355469 -0.18652344
-0.00381470 -0.07031250 -0.00139618 -0.00469971 0.00248718 -0.01660156 -0.00210571 -0.62500000 -0.29882812 -0.64843750 0.13476562 -0.10791016 0.00546265 0.01147461 -0.01306152 -0.00674438 0.00494385 -0.56250000 -0.25390625 -0.75781250 0.14062500 0.09619141 0.00396729 0.00964355 -0.00885010 -0.01733398 0.00570679 0.05859375 0.05639648 0.08300781
0.00976562 0.00337219 0.00215149 0.02416992 -0.00088882 -0.00405884 -0.00186157 -0.26367188 0.86328125 0.03076172 0.59765625 -0.04589844 -0.03149414 -0.01232910 0.00180817 0.01269531 0.00128174 -0.22070312 0.83593750 -0.04223633 0.52343750 -0.00988770 -0.00126648 -0.03881836 -0.00476074 -0.00735474 0.00534058 -0.06738281 -0.10302734 -0.06884766
-0.00964355 -0.32226562 -0.00061035 0.07666016 -0.00150299 -0.00891113 -0.00145721 0.19335938 -0.55859375 0.03930664 -0.70312500 -0.24902344 -0.00052261 -0.03662109 0.01068115 -0.00817871 0.00872803 0.26562500 -0.51562500 0.02404785 0.32617188 0.13769531 -0.03015137 -0.04052734 0.01397705 -0.01806641 -0.00512695 -0.13476562 -0.18164062 -0.21191406
0.00024986 -0.18457031 0.01190186 0.51953125 -0.00860596 -0.01721191 -0.02014160 0.02868652 0.01989746 0.22167969 0.00537109 0.05346680 -0.78515625 0.31835938 0.01782227 -0.01599121 0.04614258 -0.01196289 0.01953125 0.13476562 0.01196289 -0.14355469 0.30664062 0.24511719 -0.01721191 -0.04443359 -0.00260925 -0.16699219 -0.22949219 -0.10498047
0.00031662 0.36718750 0.00466919 -0.12597656 -0.00306702 -0.01647949 0.00096893 -0.00631714 0.00466919 -0.13085938 -0.01806641 0.24316406 -0.00646973 -0.40039062 0.01489258 -0.01177979 -0.00270081 -0.00251770 0.00213623 -0.06933594 -0.00485229 0.35156250 -0.74609375 -0.44335938 -0.01013184 -0.04248047 0.00537109 -0.17773438 -0.20996094 -0.04809570
-0.00134277 -0.00381470 0.00006676 -0.01489258 0.00070572 0.00671387 -0.00177002 -0.38085938 -0.73437500 0.50390625 -0.00031281 0.00244141 -0.00030518 -0.00759888 -0.00115204 0.00659180 0.00260925 -0.30859375 -0.63281250 0.32812500 0.00175476 0.01208496 -0.00125122 0.01586914 -0.00029755 0.00332642 -0.00077820 -0.01049805 -0.05004883 -0.31835938
-0.00711060 0.24414062 -0.00265503 0.05151367 -0.00022602 0.00747681 0.00001848 -0.03564453 0.60937500 0.10791016 -0.57031250 0.11035156 0.00982666 -0.01293945 0.00567627 0.01300049 0.00167847 0.15039062 0.65625000 0.05908203 0.00053024 0.31835938 0.05004883 -0.03149414 -0.00154877 0.00903320 0.00787354 -0.08789062 -0.11132812 -0.17382812
0.01770020 0.14550781 0.00811768 0.01501465 -0.03759766 -0.13574219 -0.02160645 -0.01245117 -0.00436401 0.01708984 -0.02929688 -0.20898438 -0.13769531 0.26757812 -0.23925781 0.31640625 0.11572266 0.00695801 0.01098633 -0.07568359 0.06445312 0.00146484 -0.47460938 0.01483154 0.00076675 0.16796875 -0.01232910 -0.28125000 -0.26367188 -0.10498047
0.00357056 -0.00049591 -0.00607300 -0.03088379 0.00512695 -0.17187500 0.00567627 -0.01483154 0.00262451 0.04760742 -0.00650024 0.00939941 0.01879883 0.03564453 -0.09277344 0.43554688 0.03149414 0.01293945 0.00057983 0.01647949 -0.00048447 0.00646973 -0.00488281 -0.00260925 -0.82812500 0.30859375 0.00047874 0.02734375 0.04272461 0.11572266
-0.00366211 -0.23730469 -0.00029945 0.02136230 0.00064087 -0.00765991 -0.00122833 0.04199219 -0.42187500 -0.34179688 0.45117188 -0.33789062 0.00631714 0.00582886 -0.00778198 -0.02416992 0.00610352 -0.09570312 -0.59375000 -0.32226562 0.00982666 0.08251953 -0.10595703 -0.13476562 0.00221252 -0.02380371 0.01562500 -0.20605469 -0.01989746 -0.02502441
0.01525879 -0.46679688 0.00105286 0.39257812 0.00564575 -0.00297546 -0.01519775 0.02124023 -0.01037598 0.28515625 -0.02807617 0.01031494 -0.03784180 0.29687500 0.02429199 0.00148010 0.03564453 -0.06201172 -0.01477051 0.24609375 -0.01092529 -0.52734375 0.67968750 0.06933594 -0.00860596 -0.00494385 -0.00002599 -0.07568359 -0.09814453 -0.25976562
0.00411987 -0.00946045 -0.00337219 -0.03930664 0.00131989 0.00402832 0.00259399 0.67968750 -0.39257812 -0.62109375 -0.00665283 0.01330566 0.00625610 -0.02026367 -0.00753784 0.01129150 -0.00433350 0.59765625 -0.31835938 -0.67187500 -0.00112152 -0.04394531 0.00055313 0.04492188 0.00454712 0.00037766 -0.00552368 0.03039551 0.02978516 0.11132812
0.00003290 0.00537109 0.00213623 0.10449219 0.00019169 -0.02563477 -0.00014591 -0.05224609 0.00296021 -0.60156250 0.00415039 -0.23925781 -0.01092529 -0.03100586 0.01623535 -0.01867676 0.00714111 0.02563477 -0.00531006 -0.53906250 -0.00439453 0.73046875 0.20605469 0.17480469 0.00363159 -0.03039551 -0.00066757 0.07470703 0.05175781 0.13867188
-0.00138855 -0.33398438 -0.00460815 -0.02844238 0.00320435 0.00386047 0.00050354 0.25781250 0.20605469 0.41601562 0.24414062 -0.30273438 0.02148438 -0.03735352 -0.00674438 0.00183868 0.00347900 0.17773438 0.19433594 0.36328125 0.32031250 -0.19628906 -0.26953125 0.01123047 -0.00039673 0.00610352 -0.00228882 -0.08935547 -0.06933594 -0.29492188
0.00138855 -0.17285156 0.00332642 0.00570679 0.00116730 0.01586914 0.00186920 -0.50000000 -0.28906250 -0.61328125 0.20507812 -0.33984375 -0.06689453 -0.01757812 -0.00029373 0.00909424 -0.00291443 -0.44335938 -0.25000000 -0.71875000 0.27539062 0.29296875 -0.05273438 0.03710938 0.00346375 0.03015137 -0.00221252 0.02270508 -0.00668335 0.13183594
0.00085068 0.00358582 -0.00062943 -0.01501465 0.00013351 0.00613403 -0.00068283 0.91406250 0.14746094 0.20312500 -0.00120544 -0.00524902 0.00007820 -0.00579834 0.00066376 0.00573730 0.00157928 0.85937500 0.07470703 0.02429199 -0.00013733 0.00515747 -0.00039864 0.02136230 0.00044060 0.00842285 0.00230408 -0.04736328 0.01489258 -0.14648438
0.00116730 0.01916504 0.00289917 0.00189972 0.00017452 0.00650024 -0.00113678 -0.80859375 -0.76171875 0.00787354 0.50390625 -0.01562500 -0.06127930 -0.00866699 0.00357056 0.01208496 0.00125122 -0.76562500 -0.70703125 -0.03637695 -0.56250000 -0.00909424 -0.00378418 -0.01025391 -0.00145721 0.00108337 0.00352478 -0.09570312 -0.12353516 -0.06127930
-0.01782227 -0.01507568 0.01867676 0.05078125 -0.00343323 -0.04418945 0.00408936 0.35937500 0.38867188 -0.04418945 0.37500000 0.05004883 0.37500000 -0.15332031 0.00086212 -0.03173828 -0.01220703 0.22460938 0.33007812 -0.06347656 -0.62500000 -0.11083984 0.04443359 -0.07763672 0.00112915 -0.06054688 -0.00653076 -0.02124023 -0.13574219 -0.18847656
0.00509644 0.21093750 -0.00952148 0.01306152 0.00315857 -0.01586914 -0.00175476 0.01495361 -0.02209473 0.05395508 -0.01141357 0.28320312 0.51171875 -0.49609375 0.00355530 0.01495361 -0.00515747 -0.01794434 0.03295898 0.14746094 0.00534058 0.34375000 0.76953125 -0.30468750 -0.00186920 -0.03710938 -0.00110626 -0.19921875 -0.17773438 -0.20605469
-0.00442505 0.16699219 0.00698853 0.07568359 0.00194550 0.00588989 -0.00069046 -0.20019531 -0.51562500 -0.00247192 0.66015625 0.14648438 -0.03540039 -0.01721191 -0.00958252 0.01818848 -0.00531006 -0.25390625 -0.52734375 0.03222656 0.01196289 0.16894531 0.02709961 -0.06494141 -0.01855469 0.00168610 0.00457764 -0.14062500 -0.08007812 -0.11279297
0.00799561 0.19531250 -0.00555420 0.06884766 -0.00227356 -0.00230408 -0.00248718 0.43750000 0.45117188 0.02966309 -0.52343750 0.23925781 0.00598145 -0.00701904 -0.00250244 0.01599121 -0.00311279 0.51171875 0.50390625 -0.01092529 -0.52734375 0.36328125 0.07324219 -0.02172852 -0.00421143 -0.01312256 -0.00872803 -0.13281250 -0.15136719 -0.16894531
0.00964355 -0.02160645 0.00080872 -0.00451660 0.00098419 0.00598145 0.00112152 0.66015625 0.72656250 0.01293945 0.39062500 -0.03833008 -0.01879883 -0.00872803 0.00346375 0.00708008 -0.00167847 0.59375000 0.69140625 -0.02636719 0.35742188 0.04296875 -0.01013184 -0.01330566 0.00002956 0.00267029 0.00095749 -0.08837891 -0.11279297 -0.06982422
0.02001953 0.05175781 -0.17578125 0.20703125 -0.08496094 -0.24609375 -0.00138855 -0.07080078 -0.04956055 -0.16113281 0.10693359 -0.05273438 0.17480469 0.09765625 0.05908203 0.21875000 0.01770020 -0.12011719 -0.05786133 -0.15722656 0.03027344 0.05273438 0.28710938 -0.14843750 0.15625000 -0.02001953 -0.12500000 -0.31445312 -0.25195312 -0.26171875
0.00708008 -0.28320312 0.00318909 0.08349609 -0.00357056 -0.02478027 -0.00202942 -0.58593750 0.12207031 0.04199219 0.09960938 -0.26953125 0.00704956 -0.03955078 0.00177765 -0.01037598 0.00793457 -0.58593750 0.05541992 0.01940918 -0.71484375 0.18164062 -0.02697754 -0.04394531 0.00150299 -0.03442383 0.00576782 -0.13867188 -0.13867188 -0.19140625
-0.00552368 -0.01074219 -0.00445557 0.08007812 0.00007153 -0.02343750 0.00141907 -0.56640625 0.69140625 -0.10302734 -0.48242188 0.00976562 0.08447266 0.00662231 0.00872803 -0.01550293 -0.00043297 -0.59375000 0.71484375 0.01385498 -0.67578125 0.00823975 -0.00132751 -0.10839844 -0.00708008 -0.02331543 0.00479126 -0.13671875 -0.08544922 -0.06982422
0.00659180 -0.01409912 -0.00253296 0.01586914 0.00546265 0.00521851 -0.00355530 0.00309753 0.00320435 -0.14062500 0.00007248 0.03369141 -0.05932617 -0.29101562 0.09912109 -0.37695312 0.01672363 -0.01818848 -0.01940918 0.07763672 0.00476074 0.26562500 0.00415039 0.45312500 -0.06079102 0.30664062 -0.01000977 0.37304688 0.36718750 0.50781250
-0.00210571 -0.00060654 -0.00093842 0.00741577 -0.00162506 -0.03369141 -0.03881836 0.02001953 0.02734375 0.05444336 0.01184082 0.00830078 -0.01019287 0.03955078 0.01599121 0.05615234 -0.76562500 -0.04687500 -0.01519775 -0.09277344 -0.00717163 -0.00138092 -0.00081253 -0.02697754 -0.01049805 0.00415039 0.83984375 -0.07421875 -0.10693359 -0.08496094
-0.00282288 -0.01013184 0.00003934 -0.07470703 0.00221252 0.01245117 -0.00191498 -0.20019531 -0.16894531 -0.92187500 0.00640869 0.01696777 0.00680542 -0.04785156 -0.00424194 0.01287842 0.00286865 -0.20214844 -0.20117188 -0.92968750 -0.00631714 0.36132812 0.00830078 0.11474609 -0.00830078 0.02282715 0.00172424 0.19824219 0.18750000 0.19628906
-0.00188446 -0.01782227 0.00150299 0.39843750 0.00909424 0.02856445 -0.00592041 -0.01928711 -0.00964355 0.20507812 0.00463867 -0.01965332 0.62890625 0.54296875 -0.01110840 0.05395508 0.02404785 0.03979492 0.03222656 -0.05493164 0.01647949 -0.25000000 -0.06030273 0.38085938 -0.03198242 0.02294922 -0.01135254 -0.10595703 -0.18261719 0.15039062
0.00019169 0.01062012 -0.00026321 -0.03466797 -0.00976562 0.02258301 0.00805664 0.02136230 0.00207520 0.07861328 -0.00793457 -0.03149414 -0.01092529 0.01672363 -0.61718750 -0.21386719 -0.06835938 -0.03198242 -0.00842285 -0.15625000 -0.01611328 0.00564575 -0.01165771 0.02185059 -0.40234375 -0.54687500 0.07128906 -0.16113281 -0.15625000 -0.15332031
-0.01477051 0.00096130 -0.03247070 0.05444336 -0.03784180 0.08496094 -0.02673340 0.04296875 0.00213623 0.05688477 0.00588989 -0.01110840 0.13671875 -0.11816406 0.11718750 -0.23144531 -0.00823975 -0.03344727 0.01391602 -0.07666016 0.02050781 -0.01245117 -0.05566406 -0.07617188 0.44726562 -0.17968750 0.02331543 -0.14648438 -0.11914062 -0.11962891
0.00781250 -0.06738281 0.00741577 -0.12597656 -0.00674438 0.00756836 -0.00215149 -0.01599121 0.03112793 0.06494141 -0.00772095 0.04052734 -0.84375000 -0.01843262 0.00805664 0.02331543 -0.01782227 0.02282715 -0.01867676 -0.01171875 0.00460815 0.10888672 -0.10546875 -0.46484375 0.00735474 0.01086426 -0.00860596 -0.10205078 -0.06127930 -0.50000000
0.00065613 -0.00778198 -0.00075531 -0.01275635 0.00141144 -0.00259399 0.00242615 0.14746094 0.66406250 0.53906250 -0.00244141 0.01025391 0.00102234 -0.00075531 -0.00276184 0.00321960 -0.00817871 -0.03808594 0.56250000 0.36914062 -0.00509644 0.01806641 0.00334167 0.00927734 0.00084305 -0.00370789 0.00103760 -0.02526855 -0.05346680 -0.32031250
0.00263977 0.13964844 -0.00741577 0.38867188 -0.00473022 0.08398438 0.00213623 -0.00781250 0.02612305 0.16992188 0.01104736 -0.35546875 -0.38281250 0.94140625 0.00558472 0.05273438 -0.01141357 0.04467773 -0.03173828 -0.08154297 -0.01245117 -0.33593750 -0.40234375 0.06201172 -0.02087402 0.07861328 -0.01196289 -0.00048256 -0.13964844 0.15820312
0.00056458 0.00732422 -0.00144958 -0.02209473 0.00102234 0.01116943 -0.00038528 0.42382812 0.64453125 0.53125000 -0.00154877 -0.01513672 0.00123596 -0.00732422 -0.00157166 0.00799561 0.00193787 0.33593750 0.54296875 0.35742188 -0.00297546 0.01354980 0.00127411 0.02795410 -0.00080490 0.01220703 0.00421143 -0.04003906 -0.05981445 -0.30859375
0.00836182 -0.06250000 0.10351562 -0.06298828 0.00167084 -0.25976562 -0.01245117 -0.00202942 0.04907227 -0.05371094 -0.09619141 0.03564453 0.22070312 0.17871094 -0.34570312 0.21289062 0.01916504 -0.03125000 0.04150391 -0.11279297 0.00836182 -0.05249023 0.10205078 0.10791016 0.01293945 0.03442383 0.05541992 -0.15625000 -0.10546875 -0.07324219
-0.00485229 0.08398438 -0.00366211 -0.00160217 0.00321960 -0.00854492 -0.01208496 0.00170135 0.01019287 -0.03906250 0.01312256 0.57812500 -0.04028320 -0.30468750 -0.02282715 0.02636719 -0.00321960 0.00075150 0.00582886 -0.07763672 -0.00288391 0.46289062 -0.66796875 -0.35156250 0.01855469 -0.01477051 0.01208496 -0.39648438 -0.41406250 -0.17578125
0.00473022 -0.00686646 0.00112915 0.01544189 0.00341797 0.00460815 0.00224304 0.02832031 -0.92578125 -0.02783203 0.22265625 0.02954102 -0.03613281 0.00021362 -0.00619507 -0.00151062 -0.00473022 -0.08007812 -0.90625000 -0.00147247 -0.82421875 -0.01306152 0.00622559 -0.02526855 0.00114441 0.00238037 -0.00494385 -0.03735352 -0.15234375 -0.05371094
-0.00393677 -0.00338745 -0.00411987 0.02453613 0.00086594 0.00234985 -0.00251770 0.94140625 0.18652344 -0.04101562 0.71484375 0.02819824 0.00247192 0.01855469 -0.00195312 -0.00155640 0.00714111 0.89062500 -0.04760742 -0.01831055 -0.08300781 0.02392578 -0.00415039 -0.02917480 -0.00451660 0.00866699 -0.00350952 -0.13378906 -0.03979492 -0.00933838
-0.00588989 -0.01354980 0.00366211 -0.00939941 0.00144958 0.00622559 -0.00216675 0.68359375 -0.61328125 0.00903320 -0.29687500 0.04833984 -0.06127930 -0.01525879 -0.00352478 0.00708008 -0.00146484 0.66015625 -0.51171875 -0.03515625 -0.71484375 0.00340271 0.01129150 0.00753784 -0.00204468 0.01043701 0.00125885 -0.15625000 -0.04858398 -0.05224609
0.00070572 0.30078125 0.00263977 -0.02416992 -0.00270081 0.00108337 -0.00043297 0.25195312 -0.28320312 0.44726562 0.29687500 0.28515625 -0.02294922 -0.09130859 -0.00061798 -0.00057983 -0.00083923 0.21875000 -0.26757812 0.40625000 -0.26562500 -0.24218750 0.14257812 0.02502441 -0.00671387 -0.00212097 -0.00299072 -0.06152344 -0.12011719 -0.32421875
-0.00209045 0.09960938 -0.03857422 0.17968750 -0.00069046 -0.03979492 -0.00286865 -0.00805664 0.04003906 -0.14941406 0.01770020 -0.11279297 0.59765625 0.10742188 -0.00059128 -0.00692749 0.01831055 0.04541016 0.00183868 -0.10351562 0.00781250 0.57812500 -0.05712891 0.34179688 0.01501465 -0.05688477 0.00036621 0.04418945 0.06396484 0.17871094
-0.00323486 0.04199219 0.06933594 -0.04077148 -0.00193024 0.00903320 0.00151825 0.00811768 -0.00312805 0.02099609 0.00549316 -0.03222656 1.01562500 -0.70703125 0.00090790 0.02282715 -0.00418091 -0.00717163 0.00167084 -0.00897217 0.01806641 -0.05419922 0.14160156 -0.17285156 0.00372314 0.00065613 0.00014305 -0.07031250 -0.01867676 -0.22558594
-0.00108337 -0.01324463 -0.00331116 -0.07568359 0.00031090 0.01025391 0.00065994 -0.07763672 0.30468750 -0.93359375 0.00668335 0.02893066 0.01519775 -0.03686523 -0.00305176 0.00296021 -0.00491333 -0.03393555 0.22753906 -0.95703125 -0.00099182 0.38085938 -0.00186920 0.11669922 -0.00424194 0.01379395 0.00292969 0.21386719 0.18847656 0.19433594
-0.00726318 0.22851562 0.00054932 0.05444336 0.00273132 -0.00043678 0.00473022 -0.59765625 0.31250000 0.07519531 -0.32421875 0.23535156 -0.00361633 -0.01373291 -0.00343323 0.00503540 -0.01672363 -0.53125000 0.28906250 0.02575684 0.60937500 0.28906250 0.04541016 -0.01574707 -0.00090790 -0.00793457 -0.00058746 -0.14355469 -0.16699219 -0.17675781
0.00439453 -0.35937500 -0.04345703 -0.07275391 -0.00543213 0.01611328 0.00225830 0.05590820 -0.03515625 -0.15429688 -0.01300049 -0.12060547 -0.87500000 -0.02893066 0.01147461 0.00622559 0.01068115 -0.05346680 -0.00144196 -0.54296875 -0.01013184 -0.54296875 0.04907227 0.04711914 -0.01153564 0.04882812 0.01074219 -0.29101562 -0.16210938 -0.05444336
-0.00020123 0.20898438 0.00830078 -0.11621094 -0.01129150 -0.05468750 -0.00318909 0.06250000 0.03979492 0.03173828 0.00823975 0.26757812 -0.35546875 0.13378906 0.03051758 -0.02636719 -0.02062988 -0.10156250 -0.00127411 -0.09521484 -0.01513672 0.07568359 0.53515625 -0.38476562 0.02709961 -0.10693359 0.00506592 -0.15527344 -0.17871094 -0.21386719
-0.00405884 -0.04589844 -0.00061798 0.04638672 0.10400391 -0.07568359 -0.01049805 0.04565430 0.03686523 -0.10449219 0.00142670 0.05834961 0.01037598 0.02172852 0.34570312 0.01104736 0.06689453 -0.06884766 -0.05102539 0.06982422 -0.00665283 0.01000977 0.00382996 -0.06640625 0.12500000 -0.04492188 -0.97265625 -0.10595703 -0.10644531 -0.15039062
-0.00004363 -0.01263428 -0.00579834 0.07275391 0.00135040 -0.00680542 -0.00125885 0.58984375 -0.68359375 -0.10595703 0.48242188 0.01586914 0.05712891 0.01916504 0.00090408 -0.00750732 0.00053406 0.60546875 -0.64453125 -0.00567627 0.62109375 0.00093079 0.00244141 -0.08935547 0.00102997 -0.01190186 0.00375366 -0.04736328 -0.13769531 -0.06201172
0.00811768 -0.25585938 0.01470947 0.25976562 -0.00772095 -0.00598145 0.00332642 0.03686523 -0.02282715 0.14843750 -0.03808594 -0.45898438 -0.04663086 -0.09277344 0.01940918 0.02941895 -0.01080322 -0.04296875 0.04785156 0.09814453 -0.01318359 -0.12890625 -0.43554688 0.49804688 -0.00381470 -0.03442383 0.01074219 -0.00373840 -0.06445312 -0.06347656
0.02514648 0.17773438 -0.00854492 0.06494141 -0.00072479 -0.04516602 0.00086594 0.16503906 0.23437500 -0.15234375 0.28125000 0.41015625 0.17089844 0.01501465 -0.00010347 0.00074005 -0.01202393 0.16601562 0.39257812 -0.04760742 0.20214844 0.23535156 0.03198242 -0.12402344 -0.01782227 -0.04223633 0.01080322 -0.45117188 -0.03271484 -0.02233887
0.00308228 0.24511719 0.00279236 0.04418945 -0.00051880 -0.02795410 -0.00442505 -0.08984375 -0.41796875 -0.25390625 -0.42578125 0.28320312 0.02416992 0.01007080 -0.00650024 -0.02099609 0.00375366 0.04589844 -0.60546875 -0.18164062 0.03222656 0.23144531 0.03515625 -0.10058594 -0.00509644 -0.03222656 -0.00897217 -0.16699219 0.00610352 -0.02880859
-0.00805664 -0.02893066 0.01977539 0.03039551 0.01269531 0.02331543 0.00793457 -0.23437500 -0.04077148 -0.05078125 -0.00415039 0.05053711 0.00921631 -0.11083984 -0.03613281 0.01660156 0.00964355 -0.31835938 -0.01556396 0.04443359 -0.22558594 0.55468750 -0.42968750 -0.01501465 0.01599121 0.00640869 -0.00190735 -0.21582031 -0.31445312 -0.02429199
-0.00457764 0.11865234 0.00933838 0.05102539 0.00354004 0.02294922 0.00421143 0.21679688 -0.51562500 -0.15039062 0.46875000 -0.04565430 -0.02416992 -0.05664062 0.00421143 0.01525879 -0.00946045 0.20214844 -0.56250000 -0.09130859 -0.19042969 0.49023438 0.09619141 -0.02331543 0.02893066 0.02880859 -0.01098633 -0.19921875 -0.10498047 -0.11279297
-0.00479126 -0.23437500 -0.00169373 0.06298828 0.00157928 0.00141907 -0.00099945 -0.53906250 -0.33789062 0.03027344 -0.27148438 -0.26367188 0.00014210 -0.03112793 0.00013924 -0.00634766 0.00105286 -0.52734375 -0.21972656 0.00106049 -0.71875000 0.20117188 -0.03015137 -0.01434326 -0.00149536 -0.00497437 0.00256348 -0.16308594 -0.14062500 -0.20410156
-0.00381470 0.41796875 -0.03686523 0.03002930 -0.00122833 -0.00466919 -0.00144196 0.08544922 0.00933838 -0.06884766 0.00976562 -0.02136230 0.12011719 -0.22753906 -0.00134277 0.01324463 -0.01275635 -0.04541016 0.00225830 -0.46484375 0.01953125 -0.75390625 0.80078125 -0.10839844 0.00952148 -0.01574707 -0.01879883 -0.16699219 -0.19824219 -0.16210938
-0.00066757 -0.03588867 0.00250244 -0.01000977 0.00253296 -0.00753784 -0.00335693 -0.11865234 -0.81250000 -0.09423828 0.41601562 -0.06054688 0.01538086 0.01025391 -0.00390625 0.00485229 0.00191498 -0.20214844 -0.76562500 -0.13671875 0.17675781 0.08789062 0.03002930 0.01757812 -0.00408936 -0.01818848 -0.00878906 -0.18261719 -0.05078125 0.02661133
0.02270508 -0.01037598 -0.00238037 -0.02197266 0.00231934 0.01513672 -0.00019455 -0.54296875 0.54687500 0.04296875 0.14355469 0.02343750 0.01293945 0.01464844 -0.00640869 0.01989746 0.00113678 -0.43945312 0.41796875 -0.10693359 0.14843750 0.03015137 0.00005603 0.01892090 0.00305176 0.02185059 -0.00311279 -0.02685547 -0.03686523 -0.07763672
-0.00720215 -0.25781250 -0.00263977 -0.11816406 -0.00196838 -0.02392578 -0.00382996 -0.00473022 0.02868652 -0.16406250 0.00878906 -0.37890625 -0.15234375 -0.30273438 0.00854492 -0.00360107 0.01373291 0.01538086 -0.03491211 -0.12451172 0.01940918 0.20507812 0.69531250 -0.35742188 0.01544189 -0.03979492 0.00381470 -0.17187500 -0.17578125 -0.03295898
0.00152588 0.01177979 -0.00244141 0.03393555 0.00355530 -0.02038574 -0.00329590 -0.78906250 0.06982422 -0.04443359 -0.73046875 0.00133514 0.04809570 0.00439453 -0.00830078 -0.01116943 -0.00093460 -0.76562500 0.11083984 -0.05737305 -0.07373047 0.00088501 0.01879883 -0.03710938 0.00067520 -0.02270508 -0.00033569 -0.10498047 -0.01556396 -0.03833008
0.01019287 -0.24121094 0.01000977 0.02355957 0.00891113 -0.00021839 0.00049973 0.06787109 0.32617188 -0.30078125 -0.44140625 -0.32031250 0.01287842 0.00823975 -0.02282715 0.00288391 0.00836182 -0.00222778 0.58203125 -0.31250000 -0.01196289 0.03637695 -0.12207031 -0.17285156 -0.00276184 -0.01159668 -0.01293945 -0.20312500 0.00102234 -0.07519531
-0.01397705 -0.02355957 0.00257874 0.05419922 -0.00119781 -0.03125000 0.00012493 0.51953125 0.49218750 -0.21289062 -0.44726562 -0.01208496 -0.00729370 0.00244141 -0.00312805 -0.00817871 0.00369263 0.66796875 0.58203125 -0.13281250 -0.45312500 0.14941406 0.04809570 -0.09521484 -0.00762939 -0.04296875 0.00830078 0.00012398 -0.16015625 -0.06689453
0.00002420 -0.00260925 -0.00288391 -0.01141357 -0.00056839 0.00279236 -0.00054550 0.28906250 -0.67187500 0.51562500 -0.00473022 0.00891113 0.00276184 -0.00799561 0.00093460 0.00592041 -0.00346375 0.21484375 -0.54687500 0.35156250 -0.00248718 0.02624512 0.00221252 0.01708984 -0.00288391 -0.00062943 0.00103760 0.00860596 -0.03881836 -0.34960938
-0.01086426 0.04345703 0.00086212 -0.00915527 -0.00033379 0.00466919 0.00095749 -0.44140625 0.73437500 0.07177734 -0.47656250 0.04663086 0.00677490 0.03063965 -0.00518799 -0.01483154 -0.00083542 -0.33593750 0.72656250 0.01843262 0.34765625 -0.01574707 0.03295898 0.01684570 0.00836182 0.00860596 0.00079727 -0.01684570 -0.06542969 -0.07763672
-0.00512695 0.04956055 0.00222778 -0.00411987 -0.00198364 0.01977539 -0.00069427 -0.68750000 -0.63671875 0.05493164 0.41406250 0.04003906 -0.00259399 0.00625610 0.00036049 0.00306702 0.00209045 -0.66796875 -0.59765625 -0.01562500 0.41601562 0.03247070 0.00582886 -0.00704956 0.00296021 0.03857422 -0.00218201 -0.07080078 -0.06689453 -0.11914062
0.00756836 0.01165771 0.00022411 0.07128906 0.00042152 -0.01336670 -0.00085449 -0.62109375 -0.62500000 -0.13964844 0.43164062 -0.03076172 -0.07177734 -0.01428223 -0.00137329 -0.00817871 0.00248718 -0.64843750 -0.54687500 0.05688477 -0.57421875 -0.02392578 -0.00988770 -0.09863281 -0.00384521 -0.02246094 -0.00650024 -0.12353516 -0.11816406 -0.02868652
-0.00021839 0.05615234 0.00199890 -0.03662109 -0.00149536 0.03063965 -0.00439453 0.04321289 0.03320312 -0.05371094 0.03710938 -0.04321289 -0.82812500 -0.24121094 0.01086426 0.03320312 0.00448608 -0.05981445 -0.04125977 -0.33984375 -0.00302124 -0.93750000 0.05029297 -0.11230469 0.00244141 0.02490234 0.01989746 -0.42382812 -0.47070312 0.09326172
-0.01190186 0.12158203 0.00756836 -0.13671875 0.00166321 0.02111816 0.00170135 -0.01184082 0.04931641 -0.14453125 0.01708984 0.32031250 -0.48242188 -0.07177734 -0.00830078 0.01806641 -0.00952148 -0.02368164 -0.02807617 -0.28906250 -0.01806641 -0.36328125 0.07226562 0.25585938 -0.00921631 0.02148438 -0.01855469 -0.38476562 -0.50390625 0.16406250
-0.02355957 -0.05932617 -0.00885010 0.07763672 0.00097275 -0.02099609 0.00131226 -0.52343750 -0.20410156 -0.03491211 -0.48242188 0.06787109 -0.13476562 -0.03686523 0.03173828 -0.01214600 -0.01068115 -0.49218750 -0.13867188 0.01489258 0.19531250 -0.18164062 -0.03369141 0.06005859 -0.01940918 -0.02343750 0.02307129 -0.24414062 -0.49804688 0.11621094
0.00476074 0.20605469 0.00463867 0.04150391 0.00427246 -0.00427246 -0.00302124 0.64453125 0.01708984 0.07275391 0.00555420 0.07031250 0.00144196 -0.00373840 -0.00958252 -0.01391602 0.00205994 0.69531250 0.02392578 -0.01019287 -0.55859375 0.32421875 0.04003906 -0.02014160 0.00506592 -0.00320435 0.00567627 -0.05908203 -0.10107422 -0.16308594
-0.00311279 0.01599121 -0.00241089 0.06542969 -0.00230408 -0.00552368 -0.00078583 -0.77734375 0.20605469 -0.05761719 0.74218750 -0.04467773 -0.10400391 -0.02111816 0.00494385 -0.00521851 0.00540161 -0.72265625 0.05737305 -0.04394531 0.01782227 0.00823975 0.00952148 -0.09375000 -0.00099182 -0.00885010 0.00650024 -0.23632812 0.08740234 -0.10742188
-0.00309753 -0.33984375 -0.00360107 -0.09228516 0.00205994 -0.00205994 -0.00952148 -0.00457764 -0.00704956 0.27734375 -0.01989746 -0.22753906 0.06542969 -0.46093750 -0.01611328 0.00267029 0.02014160 0.02917480 0.02429199 0.30468750 0.03173828 -0.56250000 -0.59765625 0.04907227 -0.00344849 -0.01104736 -0.00543213 -0.29101562 -0.32031250 -0.33593750
0.00285339 0.32226562 -0.00659180 -0.16601562 0.00497437 -0.01684570 0.00297546 0.02990723 0.03222656 -0.12109375 0.02893066 0.06298828 0.09423828 0.36328125 -0.02709961 0.01159668 -0.00254822 0.03710938 -0.02563477 -0.26562500 0.01855469 -0.50781250 0.29101562 -0.31445312 0.01428223 -0.03808594 -0.00142670 -0.15722656 -0.18066406 -0.10888672
-0.03442383 -0.05346680 0.03955078 0.07177734 0.00448608 -0.00518799 -0.03808594 -0.29101562 0.14355469 -0.03515625 -0.15625000 -0.15136719 0.30468750 -0.03637695 0.03906250 -0.00268555 0.07324219 -0.27148438 0.26171875 0.01806641 -0.45507812 0.01306152 -0.15332031 -0.16308594 0.02502441 0.01586914 0.01635742 -0.18164062 -0.05249023 -0.23632812
0.00125885 0.00315857 -0.00148010 -0.02062988 0.00046730 0.00939941 0.00058746 0.85156250 -0.68359375 0.10644531 0.00433350 -0.00549316 0.00121307 -0.00778198 -0.00165558 0.00726318 0.00027084 0.77343750 -0.51171875 -0.02746582 0.00309753 0.00509644 0.00093079 0.02783203 -0.00201416 0.01141357 -0.00016785 -0.04541016 -0.05004883 -0.06347656
-0.00238037 -0.10888672 0.01361084 -0.07275391 -0.00382996 -0.00099182 -0.00027847 -0.01428223 -0.04223633 0.37695312 -0.00242615 0.35937500 0.09716797 0.05029297 0.03686523 0.05883789 -0.00194550 -0.00221252 0.05957031 0.11621094 0.00065231 0.65625000 0.14355469 0.25195312 -0.00793457 -0.00643921 -0.01037598 -0.29882812 -0.38281250 -0.37304688
-0.01336670 0.09130859 0.00769043 -0.13476562 -0.00267029 -0.01330566 -0.00531006 0.03515625 -0.04125977 0.07568359 0.03222656 0.10791016 0.70703125 -0.14062500 -0.02368164 -0.02416992 0.00521851 -0.04418945 -0.00720215 0.01232910 0.03833008 0.11328125 0.05566406 -0.20312500 0.04003906 -0.04467773 0.00543213 -0.16308594 -0.06933594 -0.38476562
0.00601196 0.01483154 -0.00592041 0.05322266 -0.01477051 -0.10742188 -0.00897217 -0.01171875 -0.01361084 0.02062988 -0.02709961 -0.03247070 0.03564453 -0.06640625 -0.00653076 0.34960938 -0.06298828 0.02014160 0.03100586 -0.05053711 0.01080322 -0.00148773 0.01977539 -0.20996094 -0.58984375 0.12011719 0.01574707 -0.13476562 -0.12792969 -0.09521484
0.01031494 0.27343750 -0.00138855 -0.03906250 -0.00946045 -0.00885010 -0.00759888 0.01672363 0.02746582 -0.01354980 -0.02746582 0.33398438 0.06787109 -0.30468750 0.03271484 0.04199219 0.01385498 -0.02661133 -0.02575684 -0.14648438 0.00662231 -0.37109375 -0.49218750 -0.60156250 -0.00427246 -0.04101562 0.01165771 -0.26757812 -0.26953125 -0.21679688
0.01129150 0.06103516 -0.01031494 0.06494141 -0.00598145 -0.03466797 0.00172424 0.01831055 -0.02880859 -0.07617188 -0.02685547 -0.01965332 -0.70703125 -0.64062500 0.00598145 -0.01373291 -0.00195312 -0.01916504 -0.01531982 0.09277344 -0.08203125 -0.06445312 -0.01062012 -0.25195312 -0.00503540 -0.05517578 0.00436401 -0.30664062 -0.33398438 -0.15234375
-0.00433350 -0.06030273 0.00010681 -0.02368164 0.00334167 0.02441406 -0.00198364 -0.51171875 0.76953125 0.19238281 0.48437500 -0.03247070 -0.01611328 0.01013184 -0.00349426 0.01007080 -0.00646973 -0.47460938 0.71093750 0.04736328 -0.34179688 0.01531982 -0.00393677 0.03686523 -0.00216675 0.02880859 0.00134277 -0.10937500 -0.03930664 -0.13867188
0.00334167 0.01953125 0.00329590 -0.08496094 0.00588989 -0.03002930 -0.00616455 0.00370789 0.01879883 0.00308228 -0.00500488 -0.03149414 -0.00674438 -0.04760742 -0.00038147 0.74609375 0.00738525 -0.01611328 -0.00473022 0.05078125 0.00711060 -0.02880859 0.00216675 -0.02880859 -0.17578125 -0.85937500 0.00331116 0.01367188 0.00337219 0.08154297
-0.00164795 -0.10498047 0.00384521 -0.01306152 0.00292969 -0.00056076 0.00164795 0.47656250 0.60156250 -0.74609375 -0.18554688 -0.20703125 -0.02441406 -0.02587891 0.00068665 -0.00236511 0.00207520 0.46093750 0.51171875 -0.83203125 -0.13769531 0.18847656 -0.01226807 0.05981445 -0.00373840 -0.00212097 -0.00007772 0.09667969 0.05102539 0.12451172
0.00267029 -0.00811768 -0.00714111 0.00263977 0.00939941 -0.04687500 -0.26562500 -0.01025391 0.00634766 -0.08007812 0.00927734 0.00083542 -0.00747681 0.01672363 0.39257812 -0.02160645 0.38085938 0.01452637 -0.01477051 0.04101562 0.00830078 0.00172424 0.00515747 -0.00686646 -0.00552368 -0.05664062 0.92968750 -0.06933594 -0.06127930 -0.15332031
0.00154114 -0.15234375 -0.00418091 0.02172852 -0.00114441 -0.00238037 -0.00506592 0.60937500 -0.38281250 -0.58593750 0.15527344 -0.28125000 0.00167084 0.01263428 0.00607300 0.00338745 0.02038574 0.58593750 -0.33398438 -0.69140625 -0.32421875 0.15625000 -0.02575684 0.00460815 -0.00080490 -0.01184082 0.00512695 0.06738281 0.04077148 0.12988281
-0.00473022 0.08154297 -0.00167847 -0.02783203 -0.00201416 0.00179291 -0.00236511 0.58203125 0.50000000 -0.66796875 0.11181641 0.17871094 -0.01409912 -0.00102234 -0.00114441 0.00073624 -0.00034332 0.50390625 0.39843750 -0.80468750 0.14257812 0.14257812 -0.00585938 0.05932617 0.00421143 0.00549316 -0.00159454 0.06933594 0.03369141 0.10205078
-0.00994873 0.22460938 0.00095367 0.09375000 -0.00049591 -0.02648926 -0.00576782 -0.46484375 0.26562500 0.03564453 -0.34375000 0.37500000 -0.02551270 -0.01794434 0.00225830 -0.02478027 0.01373291 -0.43359375 0.27343750 -0.01403809 0.64453125 0.09863281 -0.01013184 -0.01782227 0.00613403 -0.03466797 -0.01245117 -0.14257812 -0.12060547 -0.24414062
-0.01818848 0.07763672 -0.01794434 -0.17773438 0.00970459 0.05541992 -0.00166321 -0.01098633 -0.03198242 0.05883789 0.04565430 0.05908203 0.10107422 0.82421875 -0.10107422 0.26367188 -0.00378418 -0.05200195 0.03393555 -0.13183594 -0.02954102 0.06176758 0.02478027 -0.18359375 0.12158203 -0.03881836 -0.03271484 -0.11230469 -0.10449219 -0.10644531
0.00315857 -0.01031494 0.00607300 0.03222656 0.00267029 0.21777344 0.01708984 0.00726318 -0.04003906 -0.01324463 -0.00595093 0.00683594 -0.00585938 0.03930664 -0.58984375 -0.21484375 -0.08984375 -0.01635742 0.05639648 -0.05468750 0.00415039 0.01501465 0.00288391 -0.06030273 -0.01892090 0.42578125 0.04223633 -0.18554688 -0.20019531 -0.16503906
0.00168610 0.20605469 0.00040627 0.11035156 0.00750732 -0.02465820 -0.00543213 0.47656250 0.03369141 0.01458740 0.03515625 0.34765625 0.00238037 -0.04150391 -0.00939941 -0.01556396 0.00245667 0.51953125 -0.03588867 0.04687500 -0.69140625 0.07177734 -0.01196289 -0.06542969 0.00078583 -0.03198242 0.00033379 -0.20410156 -0.05957031 -0.21679688
0.00219727 0.00781250 -0.00230408 -0.06835938 -0.00711060 0.04589844 0.00723267 0.00567627 -0.01068115 0.01556396 -0.01007080 0.01354980 0.01116943 -0.00741577 0.22558594 0.16113281 -0.09765625 -0.02514648 0.02038574 -0.10986328 0.00074387 -0.00390625 -0.00616455 0.06591797 -0.50000000 -0.66406250 0.02282715 -0.22167969 -0.25781250 -0.17382812
0.01708984 0.00671387 -0.01745605 0.10351562 -0.00000402 -0.00885010 0.00241089 0.57421875 -0.12207031 -0.11181641 -0.52734375 0.06689453 0.33007812 -0.01251221 -0.00540161 -0.04833984 -0.02502441 0.58984375 -0.08203125 0.01904297 -0.20117188 -0.14355469 0.00424194 0.05737305 -0.01031494 0.00540161 0.01135254 -0.28710938 -0.17773438 0.06835938
0.00842285 0.23046875 0.00183105 0.09814453 -0.00402832 -0.00848389 0.00303650 0.23046875 -0.46484375 0.00037384 0.61718750 0.38281250 -0.01245117 -0.03857422 0.00117493 -0.00662231 -0.01318359 0.26171875 -0.40625000 0.02075195 -0.30859375 0.05371094 -0.00817871 -0.02075195 -0.01000977 -0.01379395 0.00448608 -0.12890625 -0.21386719 -0.22949219
0.00964355 0.11572266 -0.00215149 0.02319336 -0.00231934 0.01129150 -0.00361633 0.83203125 -0.11865234 -0.41992188 -0.10253906 0.19824219 0.00280762 -0.00306702 0.00192261 0.01110840 0.00430298 0.85156250 -0.18847656 -0.48046875 0.54687500 0.08300781 0.01757812 -0.03710938 -0.00506592 0.00772095 0.00653076 -0.01892090 -0.02075195 0.04687500
-0.00022507 0.08837891 -0.01220703 -0.06445312 -0.00271606 0.00067902 0.00099182 0.02209473 -0.00622559 0.05004883 0.00328064 -0.14453125 -0.82031250 -0.76562500 0.00891113 0.00872803 0.01141357 -0.05029297 -0.00139618 0.02868652 -0.00860596 -0.00286865 -0.50390625 -0.22656250 0.00244141 -0.00952148 -0.00457764 -0.09521484 -0.09326172 -0.22070312
-0.00051880 -0.00029373 -0.00093079 -0.01696777 0.00035667 0.00045395 0.00014687 -0.12304688 1.03906250 0.03088379 0.00034332 -0.00268555 -0.00154114 -0.00335693 0.00142670 0.00253296 -0.00045395 -0.08349609 0.97656250 -0.08642578 -0.00271606 0.00117493 0.00196838 0.02062988 0.00181580 0.00009823 0.00268555 -0.02062988 -0.06835938 -0.00170898
0.04760742 0.06542969 -0.01770020 -0.04980469 -0.01190186 -0.18652344 0.00759888 -0.00543213 0.03637695 0.01684570 -0.10351562 -0.12158203 -0.27929688 0.42382812 0.32421875 0.37109375 -0.06884766 -0.03686523 0.00619507 -0.02172852 0.03564453 -0.03564453 0.21386719 0.07226562 0.13964844 0.25195312 0.03637695 -0.04956055 -0.21484375 -0.18066406
-0.01757812 -0.03271484 0.00277710 0.01660156 -0.00135803 0.02001953 0.00002527 -0.00219727 -0.02368164 0.02539062 0.02917480 0.04150391 -0.01306152 -0.00885010 -0.00134277 -0.45898438 0.62890625 0.00041580 0.02673340 -0.11230469 0.01037598 0.00239563 0.01477051 -0.04541016 -0.09814453 -0.04858398 -0.66015625 -0.11914062 -0.16113281 -0.16894531
-0.00144196 -0.09716797 -0.03076172 0.00659180 -0.00302124 -0.00165558 -0.00263977 -0.01831055 -0.01892090 0.04907227 0.02307129 -0.41601562 0.53906250 -0.46289062 0.02062988 0.00866699 0.02722168 0.01660156 -0.01361084 -0.05297852 0.02661133 0.07617188 0.50390625 -0.31250000 -0.01452637 -0.01214600 0.01226807 -0.32226562 -0.31250000 -0.20898438
-0.00268555 -0.16601562 0.00430298 0.16796875 -0.01013184 0.02038574 0.00518799 -0.01599121 0.02453613 0.01855469 -0.01031494 -0.16699219 -0.12011719 0.03613281 0.00964355 0.03979492 -0.00634766 0.00288391 -0.01684570 0.14453125 -0.00396729 0.42382812 0.65234375 0.42578125 -0.00317383 0.01287842 -0.01129150 0.07470703 0.09179688 0.24121094
0.00488281 -0.47656250 -0.01708984 0.19628906 0.00350952 0.01477051 0.00427246 0.03759766 0.02050781 0.18554688 -0.01239014 -0.05468750 -0.03735352 0.29101562 0.00174713 0.01544189 -0.01586914 -0.05932617 -0.01220703 0.13476562 -0.00549316 -0.38476562 0.71484375 0.31445312 -0.00854492 0.00970459 -0.00515747 -0.05566406 -0.02368164 -0.06787109
0.00340271 0.00207520 -0.00524902 0.03344727 -0.00081635 -0.01525879 -0.00347900 0.30859375 -0.90234375 -0.03784180 -0.44140625 -0.02954102 -0.09179688 -0.00421143 0.00546265 0.00033188 0.00592041 0.08154297 -0.85546875 -0.02355957 -0.68359375 -0.00007391 -0.00105286 -0.04931641 -0.00186920 -0.02795410 0.00744629 -0.02587891 -0.17187500 -0.06884766
0.01623535 0.00689697 0.02673340 0.06005859 0.00376892 0.00527954 0.00185394 0.11474609 -0.52734375 -0.01269531 0.28710938 0.00280762 0.37109375 -0.10888672 -0.00150299 -0.01733398 0.01068115 0.08203125 -0.49609375 -0.02416992 0.52343750 -0.09033203 0.07128906 -0.13378906 0.00680542 0.00004005 -0.00375366 -0.15136719 -0.06201172 -0.14746094
0.00066757 -0.00723267 -0.00041008 -0.00729370 0.00231934 -0.00273132 -0.00065231 -0.65625000 0.03198242 0.55078125 -0.00355530 0.00842285 0.00030899 -0.01171875 -0.00445557 0.00055695 -0.00225830 -0.54687500 -0.05468750 0.40234375 -0.00415039 0.03149414 0.00184631 0.00224304 0.00289917 -0.00729370 0.00025177 -0.03442383 0.02136230 -0.36523438
0.05175781 0.01226807 0.00540161 0.02001953 0.00045395 0.00074768 0.00436401 -0.73046875 0.24902344 0.01892090 0.09521484 0.07275391 -0.03906250 -0.01123047 0.00711060 0.00274658 0.00023460 -0.71875000 0.14355469 -0.02819824 0.60156250 0.02746582 0.01586914 -0.01831055 -0.00156403 0.00048637 0.00213623 -0.06835938 -0.09960938 -0.05908203
-0.01507568 0.45703125 0.00077820 0.23828125 -0.00059891 -0.00540161 -0.00037766 -0.01324463 0.02807617 0.16894531 0.02478027 -0.00078583 0.22656250 0.20800781 0.00668335 0.01312256 -0.00012589 0.00823975 -0.01519775 0.02697754 0.00124359 -0.50781250 -0.73437500 0.19531250 -0.01098633 -0.02722168 -0.01263428 -0.18261719 -0.11572266 -0.13574219
0.01818848 0.36523438 0.01080322 0.23242188 -0.00405884 -0.02270508 -0.00506592 -0.01263428 0.04565430 0.20019531 -0.03564453 0.13281250 -0.50781250 0.40234375 0.00555420 -0.01281738 0.02026367 -0.00364685 -0.02844238 0.12304688 -0.01007080 -0.44140625 -0.51953125 0.19628906 0.00903320 -0.02343750 0.00878906 -0.07421875 -0.04858398 -0.11523438
-0.01770020 -0.02075195 0.00021744 0.03857422 -0.00141144 -0.00354004 0.00224304 -0.88671875 -0.18847656 -0.01361084 -0.67578125 0.02075195 0.03637695 0.00306702 0.00209045 -0.00115204 0.00009060 -0.85156250 -0.26953125 -0.03759766 0.23828125 0.00830078 0.00463867 -0.04345703 -0.00159454 -0.00643921 0.00139618 -0.10058594 -0.13183594 -0.02526855
0.00582886 -0.19531250 0.00848389 0.58593750 0.00219727 0.01599121 0.00143433 -0.01696777 0.03112793 -0.08935547 -0.03637695 0.30273438 0.02026367 0.83593750 0.04663086 0.08007812 0.01672363 0.01855469 -0.06298828 -0.33789062 -0.00567627 0.33007812 0.07275391 0.18554688 -0.02075195 -0.00946045 -0.01000977 0.06445312 0.04809570 0.24121094
-0.00108337 0.00738525 -0.00095749 -0.02526855 0.00040817 0.00683594 0.00053406 -0.76171875 -0.78125000 0.01373291 0.00245667 -0.01342773 0.00358582 -0.00570679 0.00358582 0.00750732 -0.00054169 -0.70312500 -0.72656250 -0.09765625 0.00291443 0.00271606 0.00000480 0.03442383 0.00054550 0.00836182 -0.00015259 -0.02685547 -0.06787109 -0.01239014
0.00077057 -0.00363159 -0.00066757 -0.02062988 0.00143433 0.00640869 -0.00086975 -0.83984375 -0.08251953 0.27539062 -0.00122070 0.00823975 -0.00085831 -0.00219727 -0.00366211 0.00628662 -0.00346375 -0.78906250 -0.11230469 0.08251953 -0.00112152 0.00052261 0.00090408 0.03222656 0.00121307 0.00692749 -0.00107574 -0.03051758 -0.04223633 -0.15039062
0.00823975 0.00744629 -0.00030899 -0.01306152 -0.00185394 0.01306152 -0.00306702 -0.82421875 -0.21484375 0.01251221 -0.39062500 -0.04980469 0.01214600 -0.01660156 0.01171875 0.01647949 0.01226807 -0.77734375 -0.21093750 -0.04663086 -0.51953125 -0.06445312 0.00064087 0.03247070 -0.00567627 0.00897217 0.00062561 -0.06079102 -0.11669922 -0.03466797
-0.02136230 0.13671875 -0.02294922 0.03112793 0.00939941 -0.03222656 0.00079346 0.14355469 0.04199219 -0.07177734 -0.19921875 0.19628906 -0.59375000 -0.05200195 0.01220703 0.00135040 -0.00192261 0.20605469 -0.11621094 0.00915527 0.10937500 -0.12402344 -0.01043701 -0.14941406 -0.00976562 -0.04492188 -0.01220703 -0.18652344 -0.07373047 -0.04077148
-0.00145721 -0.12255859 0.00006247 -0.18457031 -0.00361633 0.01794434 -0.00558472 -0.01177979 -0.05541992 -0.09033203 0.00634766 -0.39843750 0.00262451 0.62109375 -0.00239563 0.08837891 0.04589844 0.01855469 0.05932617 -0.25195312 0.00189972 -0.32421875 -0.03198242 -0.28906250 0.03466797 -0.05102539 -0.00747681 -0.21582031 -0.20703125 -0.09570312
-0.00338745 -0.04272461 0.00781250 -0.04492188 0.06591797 -0.04028320 0.00482178 0.00466919 -0.00373840 0.01745605 -0.00077438 0.03417969 -0.71484375 -0.59375000 0.00515747 -0.01458740 0.00570679 -0.01794434 -0.04174805 0.05493164 -0.00830078 0.00171661 0.19921875 -0.15625000 -0.11376953 -0.05761719 0.01165771 -0.08642578 -0.10205078 -0.18652344
-0.00163269 0.00364685 0.00007629 0.03112793 0.00067520 -0.00289917 0.00194550 -0.14160156 0.89453125 -0.04077148 0.08447266 0.00448608 -0.07275391 -0.01843262 0.00225830 0.00179291 -0.00152588 -0.03808594 0.85937500 -0.02612305 0.83203125 -0.00830078 0.00466919 -0.04052734 -0.00625610 -0.00294495 0.00109100 -0.05053711 -0.17968750 -0.04956055
-0.00549316 -0.01452637 -0.01391602 0.11914062 0.00038528 0.05786133 -0.00131989 -0.00073242 0.01818848 -0.04150391 0.01220703 0.04223633 0.05590820 -0.50000000 0.01831055 0.23046875 0.00561523 0.00194550 -0.01525879 0.06445312 -0.02075195 0.05224609 0.01336670 0.95703125 -0.02587891 -0.12597656 0.00373840 0.17480469 0.17089844 0.24218750
-0.00161743 0.03076172 0.00058746 0.01782227 0.00637817 0.00265503 -0.01275635 -0.05664062 0.01843262 -0.06542969 0.01208496 -0.04467773 -0.01586914 0.04589844 -0.45898438 0.01403809 -0.00765991 0.04809570 -0.02807617 0.00656128 0.00897217 0.01440430 -0.00381470 -0.05053711 0.01177979 0.04956055 -1.00781250 -0.16015625 -0.13964844 -0.13476562
-0.01202393 -0.25390625 0.00236511 0.09521484 -0.00079727 -0.01721191 0.00212097 0.54296875 0.10742188 0.03710938 0.16894531 -0.31835938 -0.00279236 -0.03564453 0.00723267 -0.00860596 -0.01043701 0.57812500 0.16699219 0.04345703 0.70312500 0.17578125 -0.02600098 -0.05859375 0.00328064 -0.02612305 -0.00061417 -0.18554688 -0.12402344 -0.20800781
-0.00418091 -0.27148438 -0.00060272 0.08642578 0.00349426 -0.02770996 0.00625610 -0.40820312 0.47851562 0.07226562 0.60156250 -0.32226562 -0.00399780 -0.04687500 -0.00793457 -0.00534058 -0.01263428 -0.38867188 0.46289062 0.04370117 -0.49609375 0.08789062 -0.02368164 -0.04223633 0.00704956 -0.03784180 -0.00765991 -0.13281250 -0.15234375 -0.22851562
-0.00885010 0.24218750 0.02600098 0.00218201 0.00787354 -0.01745605 -0.00625610 0.00561523 0.01416016 0.05615234 0.02673340 0.33203125 -0.26171875 -0.57031250 -0.01336670 0.00576782 0.01092529 -0.01055908 -0.00650024 0.07421875 -0.00257874 0.31445312 0.75781250 -0.35546875 0.00402832 -0.03100586 -0.00143433 -0.25781250 -0.23730469 -0.21875000
-0.00631714 0.23339844 -0.00280762 0.04614258 -0.00448608 -0.01806641 0.00096512 0.18652344 -0.56640625 0.08105469 0.66406250 0.26757812 0.01153564 -0.01043701 0.01647949 -0.00008106 -0.00842285 0.20214844 -0.54687500 0.04345703 -0.24316406 0.21484375 0.04443359 -0.00109100 -0.00153351 -0.02221680 0.00361633 -0.14941406 -0.09326172 -0.20898438
-0.00631714 0.28125000 0.00218201 0.05468750 -0.00267029 -0.00622559 0.00144196 0.51562500 0.00848389 0.07617188 0.01544189 0.21972656 -0.01519775 -0.03515625 0.00436401 0.00787354 -0.00494385 0.56250000 -0.02099609 0.01794434 -0.70312500 0.17578125 0.04565430 -0.02038574 -0.00148010 -0.00921631 -0.00555420 -0.11816406 -0.11376953 -0.22265625
-0.00276184 0.32421875 -0.00970459 -0.00274658 0.00009251 0.01708984 -0.00338745 0.24804688 0.28320312 0.49414062 -0.22460938 0.30664062 0.02526855 -0.07519531 0.00014210 -0.00282288 0.00328064 0.29101562 0.21093750 0.44726562 -0.26562500 -0.23925781 0.16406250 0.00817871 0.00836182 0.02197266 -0.00674438 -0.09375000 -0.03930664 -0.39648438
0.09716797 0.16601562 0.08056641 0.03063965 0.13085938 0.09423828 0.09179688 -0.01989746 -0.06103516 -0.04077148 -0.13476562 0.01965332 0.15722656 1.09375000 -0.10253906 -0.35742188 -0.51171875 0.09472656 -0.14550781 -0.04809570 0.14257812 -0.00515747 0.08349609 -0.20410156 0.25781250 0.30078125 0.22363281 -0.29296875 -0.25195312 -0.25781250
0.00613403 -0.05004883 -0.10693359 0.07080078 0.00302124 -0.00653076 -0.01196289 -0.01031494 -0.02075195 0.02868652 0.00711060 0.04589844 0.89062500 -0.61328125 -0.00102234 0.01342773 0.02319336 -0.01495361 0.01000977 0.00781250 0.01135254 -0.06445312 -0.39648438 -0.30468750 -0.02111816 -0.01684570 0.00250244 -0.19042969 -0.16015625 -0.28125000
-0.01165771 0.22167969 -0.00054169 0.06494141 -0.00521851 -0.01470947 -0.00052643 -0.54687500 -0.13964844 0.04077148 0.07714844 0.22656250 0.01324463 -0.00933838 0.00885010 -0.00637817 0.00277710 -0.56640625 -0.17480469 -0.01000977 0.71093750 0.24023438 0.05688477 -0.04809570 -0.00524902 -0.01928711 0.00089264 -0.11132812 -0.10009766 -0.19921875
-0.00163269 -0.23046875 -0.00205994 0.09130859 -0.00221252 -0.02990723 -0.00011206 -0.28710938 -0.54296875 0.02490234 -0.67968750 -0.34960938 -0.00872803 -0.02844238 0.00424194 -0.01660156 -0.00055313 -0.27929688 -0.53125000 0.01635742 -0.34375000 0.14746094 -0.02661133 -0.04028320 0.00317383 -0.03881836 -0.00540161 -0.07470703 -0.15234375 -0.23730469
-0.00601196 -0.23535156 0.00096893 0.07617188 -0.00314331 -0.01159668 0.00286865 0.54296875 -0.26367188 0.05957031 -0.35156250 -0.27343750 -0.00178528 -0.03710938 0.01171875 0.00186920 0.00411987 0.55859375 -0.26757812 0.01367188 0.70703125 0.16699219 -0.03881836 -0.02453613 -0.00050735 -0.01696777 -0.00280762 -0.11669922 -0.14941406 -0.20800781
-0.00172424 0.09375000 0.02038574 0.17675781 -0.00149536 -0.00095749 -0.00285339 0.02917480 -0.01043701 -0.07031250 -0.00720215 0.21875000 -0.09960938 -0.02148438 -0.00354004 0.02038574 0.00588989 -0.03417969 0.00958252 -0.02722168 0.00280762 0.57031250 -0.55078125 0.44921875 0.00367737 -0.01611328 -0.00662231 0.13281250 0.11035156 0.18066406
0.00909424 0.03198242 0.01904297 -0.17871094 -0.02832031 0.03686523 -0.02734375 -0.01611328 -0.00302124 0.03759766 -0.02636719 0.01037598 -0.06127930 0.70312500 0.13769531 0.15625000 0.06591797 0.00199890 0.00909424 -0.12109375 -0.00668335 0.09082031 -0.00049591 -0.18164062 -0.23046875 -0.20117188 0.02856445 -0.13574219 -0.14550781 -0.12109375
-0.00084305 -0.00711060 0.00321960 0.02819824 0.00363159 0.00836182 0.00024414 0.13574219 0.72265625 -0.04272461 -0.39062500 0.03271484 -0.16308594 -0.02062988 -0.00793457 0.00585938 0.00799561 0.10546875 0.70703125 0.01196289 0.66015625 -0.01757812 -0.00204468 -0.03662109 -0.00433350 0.01232910 0.00331116 -0.14941406 -0.12451172 -0.01251221
0.01495361 -0.00573730 -0.00318909 0.01318359 0.00415039 0.00772095 0.00015259 -0.73046875 -0.62890625 0.00111389 -0.47070312 0.00637817 0.03393555 0.01202393 -0.00188446 -0.00836182 0.00364685 -0.62500000 -0.56640625 -0.04516602 0.47070312 0.00463867 -0.00222778 -0.01745605 -0.01031494 0.00933838 -0.00329590 -0.13769531 -0.14355469 -0.01531982
0.00131226 -0.34960938 0.00497437 0.04882812 -0.00280762 -0.01904297 0.00793457 -0.22070312 0.05322266 0.43359375 0.07812500 -0.34570312 -0.00607300 -0.08544922 0.00729370 0.00320435 -0.01672363 -0.18066406 0.07714844 0.48046875 -0.24218750 -0.25000000 -0.25195312 -0.07763672 -0.00024223 -0.03063965 0.00799561 -0.05029297 -0.04516602 -0.37304688
-0.00059891 0.00897217 -0.00080490 0.00427246 0.00043488 -0.01611328 -0.00225830 0.02917480 0.02185059 0.76562500 0.00067902 -0.02465820 0.00283813 0.05981445 -0.00049973 -0.00860596 0.00442505 0.00389099 0.02282715 0.61718750 0.00180817 0.17871094 -0.00466919 -0.04394531 -0.00152588 -0.02697754 0.00224304 0.05932617 0.06640625 -0.46679688
0.01104736 -0.25976562 -0.00225830 0.02636719 -0.00375366 0.00193787 -0.00427246 0.12060547 0.60937500 0.15722656 0.63671875 -0.19042969 -0.00135803 -0.00717163 0.00958252 0.00750732 0.00781250 0.03271484 0.64062500 0.02282715 0.03613281 0.23925781 -0.06738281 0.01623535 0.00723267 -0.00070572 0.00116730 -0.17871094 -0.08691406 -0.22753906
0.00070572 -0.01525879 -0.00010443 -0.01794434 0.00009203 0.00698853 0.00276184 0.00793457 0.01318359 0.62500000 -0.00650024 0.00946045 -0.00646973 -0.00518799 0.00151825 -0.00097656 -0.00549316 0.00125885 -0.00219727 0.47265625 0.00170898 -0.71093750 0.01171875 0.07714844 0.00147247 0.01257324 0.00132751 0.04028320 0.04418945 -0.55468750
-0.00131989 0.06250000 -0.02478027 0.02697754 -0.00390625 -0.04028320 -0.00312805 0.23144531 0.39843750 -0.03417969 -0.49023438 -0.08740234 -0.26171875 -0.06347656 0.01733398 -0.02551270 -0.00674438 0.29687500 0.47070312 0.01806641 0.10546875 0.00320435 0.07470703 -0.05078125 -0.01031494 -0.04565430 -0.01623535 -0.04907227 -0.09130859 -0.09912109
0.01074219 0.29882812 0.00198364 0.06494141 0.00043106 -0.03808594 -0.00033760 -0.23730469 -0.45703125 0.05126953 0.56640625 0.29492188 -0.01556396 -0.02770996 0.00860596 -0.02770996 -0.00303650 -0.18945312 -0.48828125 0.01458740 0.41015625 0.02270508 -0.03320312 -0.00686646 0.00466919 -0.04272461 0.01080322 -0.16601562 -0.09228516 -0.25781250
0.07031250 0.09863281 0.02172852 0.02624512 -0.00628662 0.01708984 -0.00891113 0.43359375 0.03662109 -0.03735352 -0.59765625 -0.10791016 -0.22656250 -0.01098633 0.01226807 -0.01019287 0.02941895 0.40039062 0.07226562 -0.04907227 -0.10839844 -0.03857422 -0.02600098 -0.07373047 0.00292969 0.03540039 0.00259399 -0.15136719 0.02612305 -0.12597656
-0.00567627 0.03637695 0.00018978 -0.03735352 -0.00337219 0.04028320 -0.00212097 -0.53906250 0.50390625 0.16601562 -0.21582031 -0.01647949 0.02209473 0.00585938 0.00408936 0.02941895 0.00091553 -0.43164062 0.45312500 -0.00765991 0.06176758 0.01293945 -0.00494385 0.03759766 -0.00099182 0.06005859 -0.00442505 -0.09179688 -0.08691406 -0.16796875
0.00063705 -0.01049805 -0.00442505 0.00588989 0.01013184 0.18554688 -0.00585938 0.01611328 0.00634766 -0.05541992 0.00564575 0.02111816 0.00891113 -0.01525879 0.01977539 -0.65234375 0.01220703 -0.02819824 -0.00224304 -0.00369263 0.00543213 0.01879883 -0.01135254 -0.04931641 -0.77734375 -0.15917969 0.02539062 -0.12451172 -0.14062500 -0.16210938
-0.00323486 0.26367188 0.00460815 0.19042969 0.00150299 0.01147461 0.00927734 -0.04077148 -0.03002930 0.25585938 0.01867676 0.40234375 0.24218750 0.25585938 -0.02111816 -0.00405884 -0.00787354 0.00805664 0.00364685 0.25195312 0.02734375 -0.46679688 0.64843750 0.16503906 -0.02026367 0.02136230 -0.00270081 0.01721191 0.11767578 0.04980469
-0.00531006 -0.31445312 0.00335693 -0.04150391 0.00250244 0.02062988 -0.00787354 -0.21972656 0.05346680 0.48632812 0.10693359 -0.46093750 0.00463867 -0.09033203 -0.00263977 0.01147461 0.01770020 -0.20898438 0.08935547 0.42968750 -0.28125000 -0.18164062 -0.29492188 0.08203125 0.00555420 0.02929688 -0.00576782 -0.13867188 -0.11474609 -0.26562500
-0.00772095 -0.02465820 -0.01287842 0.01904297 0.00524902 0.06494141 0.00379944 -0.04272461 0.10888672 -0.03015137 -0.01147461 0.04638672 0.19531250 0.01940918 0.76171875 -0.34570312 -0.08691406 0.04492188 -0.08398438 -0.04833984 -0.00659180 -0.03784180 0.05908203 -0.02368164 -0.04248047 -0.23339844 -0.00181580 -0.19042969 -0.22558594 -0.25390625
-0.00424194 -0.24023438 -0.00098419 0.01611328 0.00442505 0.00473022 -0.00122833 0.61328125 0.13867188 0.13085938 0.13867188 -0.19824219 -0.00145721 0.00753784 -0.00543213 -0.00030327 0.00321960 0.61718750 0.09179688 -0.00799561 0.63281250 0.26171875 -0.03393555 0.03222656 -0.00592041 0.00215149 0.01086426 -0.08251953 -0.20214844 -0.20703125
-0.00188446 0.22070312 0.00325012 0.06542969 -0.00136566 -0.00592041 -0.00396729 0.48632812 -0.46093750 0.01208496 0.45898438 0.24316406 -0.02172852 -0.00650024 -0.00241089 -0.01196289 0.01013184 0.49609375 -0.43750000 0.00442505 -0.58984375 0.26367188 0.05493164 -0.04174805 -0.00756836 -0.01336670 0.00448608 -0.10937500 -0.15527344 -0.16699219
0.00288391 0.14160156 -0.00195312 0.01055908 0.00375366 -0.00518799 -0.00274658 -0.68359375 0.47460938 -0.43945312 0.31835938 0.09375000 0.00222778 -0.00012159 0.00024605 0.02075195 0.00576782 -0.69921875 0.54296875 -0.47070312 -0.40625000 0.10693359 0.00805664 -0.02014160 -0.00221252 -0.00897217 -0.00364685 -0.03393555 0.04980469 0.02929688
-0.00115204 -0.00515747 0.00022888 -0.01196289 -0.00095749 0.00939941 -0.00059509 -0.37695312 0.57421875 0.55078125 -0.00043678 0.00616455 -0.00036430 -0.02001953 0.00309753 0.00860596 -0.00149536 -0.32421875 0.46289062 0.38671875 0.00212097 0.01214600 -0.00430298 0.01794434 0.00010204 0.00952148 0.00221252 -0.00637817 -0.03198242 -0.33203125
0.00393677 -0.01831055 0.00372314 0.01782227 0.00103760 0.00442505 0.00239563 -0.64062500 -0.71093750 -0.11083984 -0.50781250 0.04101562 0.00488281 0.00193787 0.00005889 -0.00405884 0.00072861 -0.49414062 -0.71875000 -0.11083984 -0.26367188 0.06542969 -0.01708984 -0.03588867 0.00168610 0.00244141 -0.00207520 -0.04028320 -0.08300781 -0.02636719
-0.00396729 0.00405884 0.00451660 0.02514648 -0.00698853 -0.00692749 -0.16113281 -0.03564453 -0.01159668 -0.08398438 -0.00604248 -0.01696777 -0.01141357 0.01940918 -0.44531250 0.00607300 0.23437500 0.01483154 0.02038574 0.02770996 -0.00668335 0.00357056 -0.00064468 -0.06591797 0.01916504 0.03271484 0.98046875 -0.12597656 -0.10400391 -0.15429688
-0.00165558 0.22753906 0.00268555 0.08789062 0.00079346 -0.01538086 0.00133514 -0.06152344 0.46093750 0.04443359 -0.61328125 0.34570312 -0.00152588 -0.02661133 0.00096893 -0.01135254 0.00567627 0.10302734 0.46289062 -0.00552368 -0.00701904 0.01586914 -0.06030273 -0.02404785 0.01232910 -0.02832031 0.00005007 -0.08789062 -0.14160156 -0.26757812
-0.00378418 0.39843750 -0.00354004 0.43164062 0.00436401 -0.01330566 0.00323486 -0.01660156 0.05297852 0.40820312 -0.01135254 0.00939941 0.15429688 0.25781250 0.01525879 0.01312256 0.00125885 0.01135254 -0.04077148 0.39648438 0.00952148 0.01806641 -0.50781250 -0.11816406 -0.00711060 -0.00106049 -0.00457764 -0.00588989 0.01141357 -0.51953125
0.00144958 -0.26562500 -0.00289917 0.02294922 0.00592041 -0.00253296 0.00131226 -0.31054688 -0.60156250 0.13085938 -0.62109375 -0.19238281 0.00457764 -0.01373291 -0.00579834 0.01098633 -0.00653076 -0.27539062 -0.58593750 0.01348877 -0.27929688 0.26367188 -0.04614258 0.02355957 -0.00248718 -0.00634766 0.00101471 -0.16992188 -0.13769531 -0.19824219
