[INFO] [1760596507.330445486] [moveit_rdf_loader.rdf_loader]: Loaded robot model in 0.00376106 seconds
[INFO] [1760596507.330484452] [moveit_robot_model.robot_model]: Loading robot model 'husky_fr3'...
[WARN] [1760596507.334248581] [moveit_robot_model.robot_model]: Link camera_base has visual geometry but no collision geometry. Collision geometry will be left empty. Fix your URDF file by explicitly specifying collision geometry.
[WARN] [1760596507.334267279] [moveit_robot_model.robot_model]: Link top_chassis_link has visual geometry but no collision geometry. Collision geometry will be left empty. Fix your URDF file by explicitly specifying collision geometry.
[ERROR] [1760596507.334415258] [moveit_robot_model.robot_model]: Group 'fr3' was specified as parent group for end-effector 'franka_hand' but it does not include the parent link 'fr3_link8'
[WARN] [1760596507.334420623] [moveit_robot_model.robot_model]: Could not identify parent group for end-effector 'franka_hand'
[INFO] [1760596507.341404370] [moveit_rdf_loader.rdf_loader]: Loaded robot model in 0.0010041 seconds
[INFO] [1760596507.341412942] [moveit_robot_model.robot_model]: Loading robot model 'husky_fr3'...
[WARN] [1760596507.343229798] [moveit_robot_model.robot_model]: Link camera_base has visual geometry but no collision geometry. Collision geometry will be left empty. Fix your URDF file by explicitly specifying collision geometry.
[WARN] [1760596507.343240481] [moveit_robot_model.robot_model]: Link top_chassis_link has visual geometry but no collision geometry. Collision geometry will be left empty. Fix your URDF file by explicitly specifying collision geometry.
[ERROR] [1760596507.343327398] [moveit_robot_model.robot_model]: Group 'fr3' was specified as parent group for end-effector 'franka_hand' but it does not include the parent link 'fr3_link8'
[WARN] [1760596507.343330891] [moveit_robot_model.robot_model]: Could not identify parent group for end-effector 'franka_hand'
[WARN] [1760596507.343982567] [moveit_ros.robot_model_loader]: No kinematics plugins defined. Fill and load kinematics.yaml!
[INFO] [1760596507.346268494] [moveit_ros.planning_scene_monitor.planning_scene_monitor]: Publishing maintained planning scene on '/planning_scene'
[INFO] [1760596507.346313708] [moveit_ros.planning_scene_monitor.planning_scene_monitor]: Starting planning scene monitor
[INFO] [1760596507.346584406] [moveit_ros.planning_scene_monitor.planning_scene_monitor]: Listening to '/planning_scene'
[INFO] [1760596507.346590725] [moveit_ros.planning_scene_monitor.planning_scene_monitor]: Updating internal planning scene state at most every 0.010000 seconds
link: base_link
link: base_footprint
link: default_mount
link: front_bumper_mount
link: front_left_wheel
link: front_right_wheel
link: fr3_base
link: fr3_link0
link: fr3_link1
link: fr3_link2
link: fr3_link3
link: fr3_link4
link: fr3_link5
link: fr3_link6
link: fr3_link7
link: fr3_link8
link: fr3_hand
link: fr3_leftfinger
link: fr3_rightfinger
link: fr3_hand_tcp
link: rgb_camera_link
link: depth_camera_link
link: camera_base
link: imu_camera_link
link: inertial_link
link: rear_bumper_mount
link: rear_left_wheel
link: rear_right_wheel
link: top_chassis_link
link: top_structure_link
Franka Panda Robot Model is loaded!
Franka Panda Robot Model is loaded!
Default initialization of bounds
Default initialization of model params
bounds initialized
Available cores: 28
Default threads: 28
Updated threads: 27
Franka Panda Robot Model is loaded!
Franka Panda Robot Model is loaded!
bounds initialized
param values:
	desired_s_velocity: 0.1
	tol_envcol: 1
	tol_selcol: 1
	tol_sing: 0.018
cost values:
	qC: 1000
	qCNmult: 10
	qL: 500
	qOri: 100
	qSing: 1
	qVs: 10
	rdVs: 0.1
	rddq: 50
	rdq: 0.002
bounds values:
normalization values:
sqp values:
====================================================================
[MPC] Generating a new initial guess based on maximum deceleration.
----------------------------------------------------
Step 0 - Current Input: [0.000000, 0.000000, 0.000000, 0.000000, 0.000000, 0.000000, 0.000000, 0.000000], ddq: [0.000000, 0.000000, 0.000000, 0.000000, 0.000000, 0.000000, 0.000000], dVs: [0.000000]
Step 0 - Current State: [q: 0.000000, 0.000000 0.000000 -1.570796 0.000000 1.570796 0.785398, s: 0.000000, vs: 0.000000]
Next State: [q: 0.000000, 0.000000 0.000000 -1.570796 0.000000 1.570796 0.785398, s: 0.000000, vs: 0.000000]
----------------------------------------------------
----------------------------------------------------
Step 1 - Current Input: [0.000000, 0.000000, 0.000000, 0.000000, 0.000000, 0.000000, 0.000000, 0.000000], ddq: [0.000000, 0.000000, 0.000000, 0.000000, 0.000000, 0.000000, 0.000000], dVs: [0.000000]
Step 1 - Current State: [q: 0.000000, 0.000000 0.000000 -1.570796 0.000000 1.570796 0.785398, s: 0.000000, vs: 0.000000]
Next State: [q: 0.000000, 0.000000 0.000000 -1.570796 0.000000 1.570796 0.785398, s: 0.000000, vs: 0.000000]
----------------------------------------------------
----------------------------------------------------
Step 2 - Current Input: [0.000000, 0.000000, 0.000000, 0.000000, 0.000000, 0.000000, 0.000000, 0.000000], ddq: [0.000000, 0.000000, 0.000000, 0.000000, 0.000000, 0.000000, 0.000000], dVs: [0.000000]
Step 2 - Current State: [q: 0.000000, 0.000000 0.000000 -1.570796 0.000000 1.570796 0.785398, s: 0.000000, vs: 0.000000]
Next State: [q: 0.000000, 0.000000 0.000000 -1.570796 0.000000 1.570796 0.785398, s: 0.000000, vs: 0.000000]
----------------------------------------------------
----------------------------------------------------
Step 3 - Current Input: [0.000000, 0.000000, 0.000000, 0.000000, 0.000000, 0.000000, 0.000000, 0.000000], ddq: [0.000000, 0.000000, 0.000000, 0.000000, 0.000000, 0.000000, 0.000000], dVs: [0.000000]
Step 3 - Current State: [q: 0.000000, 0.000000 0.000000 -1.570796 0.000000 1.570796 0.785398, s: 0.000000, vs: 0.000000]
Next State: [q: 0.000000, 0.000000 0.000000 -1.570796 0.000000 1.570796 0.785398, s: 0.000000, vs: 0.000000]
----------------------------------------------------
----------------------------------------------------
Step 4 - Current Input: [0.000000, 0.000000, 0.000000, 0.000000, 0.000000, 0.000000, 0.000000, 0.000000], ddq: [0.000000, 0.000000, 0.000000, 0.000000, 0.000000, 0.000000, 0.000000], dVs: [0.000000]
Step 4 - Current State: [q: 0.000000, 0.000000 0.000000 -1.570796 0.000000 1.570796 0.785398, s: 0.000000, vs: 0.000000]
Next State: [q: 0.000000, 0.000000 0.000000 -1.570796 0.000000 1.570796 0.785398, s: 0.000000, vs: 0.000000]
----------------------------------------------------
----------------------------------------------------
Step 5 - Current Input: [0.000000, 0.000000, 0.000000, 0.000000, 0.000000, 0.000000, 0.000000, 0.000000], ddq: [0.000000, 0.000000, 0.000000, 0.000000, 0.000000, 0.000000, 0.000000], dVs: [0.000000]
Step 5 - Current State: [q: 0.000000, 0.000000 0.000000 -1.570796 0.000000 1.570796 0.785398, s: 0.000000, vs: 0.000000]
Next State: [q: 0.000000, 0.000000 0.000000 -1.570796 0.000000 1.570796 0.785398, s: 0.000000, vs: 0.000000]
----------------------------------------------------
----------------------------------------------------
Step 6 - Current Input: [0.000000, 0.000000, 0.000000, 0.000000, 0.000000, 0.000000, 0.000000, 0.000000], ddq: [0.000000, 0.000000, 0.000000, 0.000000, 0.000000, 0.000000, 0.000000], dVs: [0.000000]
Step 6 - Current State: [q: 0.000000, 0.000000 0.000000 -1.570796 0.000000 1.570796 0.785398, s: 0.000000, vs: 0.000000]
Next State: [q: 0.000000, 0.000000 0.000000 -1.570796 0.000000 1.570796 0.785398, s: 0.000000, vs: 0.000000]
----------------------------------------------------
----------------------------------------------------
Step 7 - Current Input: [0.000000, 0.000000, 0.000000, 0.000000, 0.000000, 0.000000, 0.000000, 0.000000], ddq: [0.000000, 0.000000, 0.000000, 0.000000, 0.000000, 0.000000, 0.000000], dVs: [0.000000]
Step 7 - Current State: [q: 0.000000, 0.000000 0.000000 -1.570796 0.000000 1.570796 0.785398, s: 0.000000, vs: 0.000000]
Next State: [q: 0.000000, 0.000000 0.000000 -1.570796 0.000000 1.570796 0.785398, s: 0.000000, vs: 0.000000]
----------------------------------------------------
----------------------------------------------------
Step 8 - Current Input: [0.000000, 0.000000, 0.000000, 0.000000, 0.000000, 0.000000, 0.000000, 0.000000], ddq: [0.000000, 0.000000, 0.000000, 0.000000, 0.000000, 0.000000, 0.000000], dVs: [0.000000]
Step 8 - Current State: [q: 0.000000, 0.000000 0.000000 -1.570796 0.000000 1.570796 0.785398, s: 0.000000, vs: 0.000000]
Next State: [q: 0.000000, 0.000000 0.000000 -1.570796 0.000000 1.570796 0.785398, s: 0.000000, vs: 0.000000]
----------------------------------------------------
----------------------------------------------------
Step 9 - Current Input: [0.000000, 0.000000, 0.000000, 0.000000, 0.000000, 0.000000, 0.000000, 0.000000], ddq: [0.000000, 0.000000, 0.000000, 0.000000, 0.000000, 0.000000, 0.000000], dVs: [0.000000]
Step 9 - Current State: [q: 0.000000, 0.000000 0.000000 -1.570796 0.000000 1.570796 0.785398, s: 0.000000, vs: 0.000000]
Next State: [q: 0.000000, 0.000000 0.000000 -1.570796 0.000000 1.570796 0.785398, s: 0.000000, vs: 0.000000]
----------------------------------------------------
====================================================================
BEFORE initial_guess_[0].uk: [0.000000, 0.000000, 0.000000, 0.000000, 0.000000, 0.000000, 0.000000, 0.000000]
Initialization finished.
Allocations finished.
Setup successful.
Solver is ready.
Starting solver...
Solver initialization verified.
Solver finished.
===== SQP Iteration: 0 =====
step_ (179 x 1): 
-1.74201e-12  7.46782e-10 -3.31588e-12  3.27118e-10  6.19462e-12 -3.76262e-10 -1.18329e-10 -6.70907e-12  3.26086e-09 -2.33286e-05 -2.28161e-05 -3.18232e-05  -2.6351e-05  1.74493e-05  1.57029e-05 -0.000141388  1.49978e-05   0.00299954   -5.706e-05 -4.59858e-05 -7.40482e-05 -5.23915e-05  3.08496e-05  3.14171e-05 -0.000283344  5.76081e-05   0.00552253 -0.000106554 -6.97613e-05 -0.000132035 -7.78825e-05  3.80804e-05  4.71673e-05 -0.000426347  0.000123543   0.00766436 -0.000172744 -9.43145e-05 -0.000206715 -0.000102649  3.87281e-05  6.29907e-05 -0.000570728  0.000209357   0.00949849 -0.000254133 -0.000119755 -0.000296592 -0.000126574  3.33339e-05  7.89297e-05 -0.000716628  0.000312198    0.0110697 -0.000348381 -0.000146143 -0.000399327 -0.000149603  2.27925e-05  9.50239e-05 -0.000863998  0.000429559    0.0124026 -0.000453107 -0.000173484 -0.000512537 -0.000171742  8.04424e-06  0.000111302  -0.00101262  0.000559133    0.0135122  -0.00056605 -0.000201716 -0.000633962  -0.00019307 -9.99477e-06  0.000127774  -0.00116217  0.000698746    0.0144104 -0.000684873 -0.000230686 -0.000761265 -0.000213749 -3.03707e-05   0.00014442  -0.00131226  0.000846346    0.0151096 -0.000806859 -0.000260108 -0.000891731 -0.000234041 -5.19893e-05   0.00016118  -0.00146256        0.001    0.0156214  -0.00310758  -0.00184931  -0.00423915  -0.00372172   0.00193701   0.00225776   -0.0156952    0.0599909  -0.00449333  -0.00187788  -0.00562477  -0.00367782   0.00148753   0.00225933   -0.0157581    0.0504598   -0.0065931  -0.00192697  -0.00772435  -0.00360024   0.00080267    0.0022645   -0.0158745    0.0428367  -0.00881709  -0.00198998   -0.0099481  -0.00349788  7.18972e-05   0.00227502   -0.0160274    0.0366825   -0.0108417  -0.00206192   -0.0119724  -0.00337916 -0.000598783   0.00229163    -0.016196    0.0314234   -0.0125548  -0.00213865   -0.0136852  -0.00325251   -0.0011702   0.00231393   -0.0163591    0.0266591   -0.0139505  -0.00221587   -0.0150807  -0.00312687  -0.00163717   0.00234036   -0.0164984    0.0221916   -0.0150451  -0.00228811   -0.0161749   -0.0030123  -0.00200249   0.00236817   -0.0166009    0.0179636   -0.0158283  -0.00234781   -0.0169579  -0.00292062  -0.00226189   0.00239319   -0.0166615    0.0139829   -0.0162497  -0.00238454   -0.0173792  -0.00286609  -0.00239986   0.00240961   -0.0166844    0.0102369
========================================
track X:  [0.554 0.554 0.553 0.551 0.547 0.544 0.539 0.533 0.527 0.52  0.512 0.503
 0.494 0.484 0.473 0.462 0.45  0.438 0.426 0.413 0.4   0.386 0.373 0.359
 0.345 0.331 0.317 0.303 0.289 0.276 0.263 0.25  0.237 0.224 0.213 0.201
 0.19  0.18  0.171 0.162 0.153 0.146 0.139 0.133 0.128 0.123 0.12  0.117
 0.115 0.115 0.115 0.115 0.117 0.12  0.123 0.128 0.133 0.139 0.146 0.153
 0.162 0.171 0.18  0.19  0.201 0.213 0.225 0.237 0.25  0.263 0.276 0.289
 0.303 0.317 0.331 0.345 0.359 0.373 0.386 0.4   0.413 0.426 0.438 0.45
 0.462 0.473 0.484 0.494 0.503 0.512 0.52  0.527 0.533 0.539 0.544 0.547
 0.551 0.553 0.554 0.554]
track Y:  [ 0.    -0.028 -0.055 -0.082 -0.107 -0.13  -0.152 -0.171 -0.187 -0.2
 -0.21  -0.217 -0.22  -0.219 -0.215 -0.208 -0.197 -0.183 -0.166 -0.147
 -0.125 -0.101 -0.075 -0.048 -0.021  0.007  0.035  0.062  0.088  0.113
  0.136  0.157  0.175  0.191  0.203  0.212  0.218  0.22   0.219  0.214
  0.206  0.194  0.179  0.162  0.141  0.119  0.095  0.069  0.042  0.014
 -0.014 -0.042 -0.069 -0.095 -0.119 -0.141 -0.162 -0.179 -0.194 -0.206
 -0.214 -0.219 -0.22  -0.218 -0.212 -0.203 -0.191 -0.175 -0.157 -0.136
 -0.113 -0.088 -0.062 -0.035 -0.007  0.021  0.048  0.075  0.101  0.125
  0.147  0.166  0.183  0.197  0.208  0.215  0.219  0.22   0.217  0.21
  0.2    0.187  0.171  0.152  0.13   0.107  0.082  0.055  0.028  0.   ]
track Z:  [0.521 0.521 0.521 0.521 0.521 0.521 0.521 0.521 0.521 0.521 0.521 0.521
 0.521 0.521 0.521 0.521 0.521 0.521 0.521 0.521 0.521 0.521 0.521 0.521
 0.521 0.521 0.521 0.521 0.521 0.521 0.521 0.521 0.521 0.521 0.521 0.521
 0.521 0.521 0.521 0.521 0.521 0.521 0.521 0.521 0.521 0.521 0.521 0.521
 0.521 0.521 0.521 0.521 0.521 0.521 0.521 0.521 0.521 0.521 0.521 0.521
 0.521 0.521 0.521 0.521 0.521 0.521 0.521 0.521 0.521 0.521 0.521 0.521
 0.521 0.521 0.521 0.521 0.521 0.521 0.521 0.521 0.521 0.521 0.521 0.521
 0.521 0.521 0.521 0.521 0.521 0.521 0.521 0.521 0.521 0.521 0.521 0.521
 0.521 0.521 0.521 0.521]
track R:  [[[ 1.  0.  0.]
  [ 0. -1.  0.]
  [ 0.  0. -1.]]

 [[ 1.  0.  0.]
  [ 0. -1.  0.]
  [ 0.  0. -1.]]

 [[ 1.  0.  0.]
  [ 0. -1.  0.]
  [ 0.  0. -1.]]

 [[ 1.  0.  0.]
  [ 0. -1.  0.]
  [ 0.  0. -1.]]

 [[ 1.  0.  0.]
  [ 0. -1.  0.]
  [ 0.  0. -1.]]

 [[ 1.  0.  0.]
  [ 0. -1.  0.]
  [ 0.  0. -1.]]

 [[ 1.  0.  0.]
  [ 0. -1.  0.]
  [ 0.  0. -1.]]

 [[ 1.  0.  0.]
  [ 0. -1.  0.]
  [ 0.  0. -1.]]

 [[ 1.  0.  0.]
  [ 0. -1.  0.]
  [ 0.  0. -1.]]

 [[ 1.  0.  0.]
  [ 0. -1.  0.]
  [ 0.  0. -1.]]

 [[ 1.  0.  0.]
  [ 0. -1.  0.]
  [ 0.  0. -1.]]

 [[ 1.  0.  0.]
  [ 0. -1.  0.]
  [ 0.  0. -1.]]

 [[ 1.  0.  0.]
  [ 0. -1.  0.]
  [ 0.  0. -1.]]

 [[ 1.  0.  0.]
  [ 0. -1.  0.]
  [ 0.  0. -1.]]

 [[ 1.  0.  0.]
  [ 0. -1.  0.]
  [ 0.  0. -1.]]

 [[ 1.  0.  0.]
  [ 0. -1.  0.]
  [ 0.  0. -1.]]

 [[ 1.  0.  0.]
  [ 0. -1.  0.]
  [ 0.  0. -1.]]

 [[ 1.  0.  0.]
  [ 0. -1.  0.]
  [ 0.  0. -1.]]

 [[ 1.  0.  0.]
  [ 0. -1.  0.]
  [ 0.  0. -1.]]

 [[ 1.  0.  0.]
  [ 0. -1.  0.]
  [ 0.  0. -1.]]

 [[ 1.  0.  0.]
  [ 0. -1.  0.]
  [ 0.  0. -1.]]

 [[ 1.  0.  0.]
  [ 0. -1.  0.]
  [ 0.  0. -1.]]

 [[ 1.  0.  0.]
  [ 0. -1.  0.]
  [ 0.  0. -1.]]

 [[ 1.  0.  0.]
  [ 0. -1.  0.]
  [ 0.  0. -1.]]

 [[ 1.  0.  0.]
  [ 0. -1.  0.]
  [ 0.  0. -1.]]

 [[ 1.  0.  0.]
  [ 0. -1.  0.]
  [ 0.  0. -1.]]

 [[ 1.  0.  0.]
  [ 0. -1.  0.]
  [ 0.  0. -1.]]

 [[ 1.  0.  0.]
  [ 0. -1.  0.]
  [ 0.  0. -1.]]

 [[ 1.  0.  0.]
  [ 0. -1.  0.]
  [ 0.  0. -1.]]

 [[ 1.  0.  0.]
  [ 0. -1.  0.]
  [ 0.  0. -1.]]

 [[ 1.  0.  0.]
  [ 0. -1.  0.]
  [ 0.  0. -1.]]

 [[ 1.  0.  0.]
  [ 0. -1.  0.]
  [ 0.  0. -1.]]

 [[ 1.  0.  0.]
  [ 0. -1.  0.]
  [ 0.  0. -1.]]

 [[ 1.  0.  0.]
  [ 0. -1.  0.]
  [ 0.  0. -1.]]

 [[ 1.  0.  0.]
  [ 0. -1.  0.]
  [ 0.  0. -1.]]

 [[ 1.  0.  0.]
  [ 0. -1.  0.]
  [ 0.  0. -1.]]

 [[ 1.  0.  0.]
  [ 0. -1.  0.]
  [ 0.  0. -1.]]

 [[ 1.  0.  0.]
  [ 0. -1.  0.]
  [ 0.  0. -1.]]

 [[ 1.  0.  0.]
  [ 0. -1.  0.]
  [ 0.  0. -1.]]

 [[ 1.  0.  0.]
  [ 0. -1.  0.]
  [ 0.  0. -1.]]

 [[ 1.  0.  0.]
  [ 0. -1.  0.]
  [ 0.  0. -1.]]

 [[ 1.  0.  0.]
  [ 0. -1.  0.]
  [ 0.  0. -1.]]

 [[ 1.  0.  0.]
  [ 0. -1.  0.]
  [ 0.  0. -1.]]

 [[ 1.  0.  0.]
  [ 0. -1.  0.]
  [ 0.  0. -1.]]

 [[ 1.  0.  0.]
  [ 0. -1.  0.]
  [ 0.  0. -1.]]

 [[ 1.  0.  0.]
  [ 0. -1.  0.]
  [ 0.  0. -1.]]

 [[ 1.  0.  0.]
  [ 0. -1.  0.]
  [ 0.  0. -1.]]

 [[ 1.  0.  0.]
  [ 0. -1.  0.]
  [ 0.  0. -1.]]

 [[ 1.  0.  0.]
  [ 0. -1.  0.]
  [ 0.  0. -1.]]

 [[ 1.  0.  0.]
  [ 0. -1.  0.]
  [ 0.  0. -1.]]

 [[ 1.  0.  0.]
  [ 0. -1.  0.]
  [ 0.  0. -1.]]

 [[ 1.  0.  0.]
  [ 0. -1.  0.]
  [ 0.  0. -1.]]

 [[ 1.  0.  0.]
  [ 0. -1.  0.]
  [ 0.  0. -1.]]

 [[ 1.  0.  0.]
  [ 0. -1.  0.]
  [ 0.  0. -1.]]

 [[ 1.  0.  0.]
  [ 0. -1.  0.]
  [ 0.  0. -1.]]

 [[ 1.  0.  0.]
  [ 0. -1.  0.]
  [ 0.  0. -1.]]

 [[ 1.  0.  0.]
  [ 0. -1.  0.]
  [ 0.  0. -1.]]

 [[ 1.  0.  0.]
  [ 0. -1.  0.]
  [ 0.  0. -1.]]

 [[ 1.  0.  0.]
  [ 0. -1.  0.]
  [ 0.  0. -1.]]

 [[ 1.  0.  0.]
  [ 0. -1.  0.]
  [ 0.  0. -1.]]

 [[ 1.  0.  0.]
  [ 0. -1.  0.]
  [ 0.  0. -1.]]

 [[ 1.  0.  0.]
  [ 0. -1.  0.]
  [ 0.  0. -1.]]

 [[ 1.  0.  0.]
  [ 0. -1.  0.]
  [ 0.  0. -1.]]

 [[ 1.  0.  0.]
  [ 0. -1.  0.]
  [ 0.  0. -1.]]

 [[ 1.  0.  0.]
  [ 0. -1.  0.]
  [ 0.  0. -1.]]

 [[ 1.  0.  0.]
  [ 0. -1.  0.]
  [ 0.  0. -1.]]

 [[ 1.  0.  0.]
  [ 0. -1.  0.]
  [ 0.  0. -1.]]

 [[ 1.  0.  0.]
  [ 0. -1.  0.]
  [ 0.  0. -1.]]

 [[ 1.  0.  0.]
  [ 0. -1.  0.]
  [ 0.  0. -1.]]

 [[ 1.  0.  0.]
  [ 0. -1.  0.]
  [ 0.  0. -1.]]

 [[ 1.  0.  0.]
  [ 0. -1.  0.]
  [ 0.  0. -1.]]

 [[ 1.  0.  0.]
  [ 0. -1.  0.]
  [ 0.  0. -1.]]

 [[ 1.  0.  0.]
  [ 0. -1.  0.]
  [ 0.  0. -1.]]

 [[ 1.  0.  0.]
  [ 0. -1.  0.]
  [ 0.  0. -1.]]

 [[ 1.  0.  0.]
  [ 0. -1.  0.]
  [ 0.  0. -1.]]

 [[ 1.  0.  0.]
  [ 0. -1.  0.]
  [ 0.  0. -1.]]

 [[ 1.  0.  0.]
  [ 0. -1.  0.]
  [ 0.  0. -1.]]

 [[ 1.  0.  0.]
  [ 0. -1.  0.]
  [ 0.  0. -1.]]

 [[ 1.  0.  0.]
  [ 0. -1.  0.]
  [ 0.  0. -1.]]

 [[ 1.  0.  0.]
  [ 0. -1.  0.]
  [ 0.  0. -1.]]

 [[ 1.  0.  0.]
  [ 0. -1.  0.]
  [ 0.  0. -1.]]

 [[ 1.  0.  0.]
  [ 0. -1.  0.]
  [ 0.  0. -1.]]

 [[ 1.  0.  0.]
  [ 0. -1.  0.]
  [ 0.  0. -1.]]

 [[ 1.  0.  0.]
  [ 0. -1.  0.]
  [ 0.  0. -1.]]

 [[ 1.  0.  0.]
  [ 0. -1.  0.]
  [ 0.  0. -1.]]

 [[ 1.  0.  0.]
  [ 0. -1.  0.]
  [ 0.  0. -1.]]

 [[ 1.  0.  0.]
  [ 0. -1.  0.]
  [ 0.  0. -1.]]

 [[ 1.  0.  0.]
  [ 0. -1.  0.]
  [ 0.  0. -1.]]

 [[ 1.  0.  0.]
  [ 0. -1.  0.]
  [ 0.  0. -1.]]

 [[ 1.  0.  0.]
  [ 0. -1.  0.]
  [ 0.  0. -1.]]

 [[ 1.  0.  0.]
  [ 0. -1.  0.]
  [ 0.  0. -1.]]

 [[ 1.  0.  0.]
  [ 0. -1.  0.]
  [ 0.  0. -1.]]

 [[ 1.  0.  0.]
  [ 0. -1.  0.]
  [ 0.  0. -1.]]

 [[ 1.  0.  0.]
  [ 0. -1.  0.]
  [ 0.  0. -1.]]

 [[ 1.  0.  0.]
  [ 0. -1.  0.]
  [ 0.  0. -1.]]

 [[ 1.  0.  0.]
  [ 0. -1.  0.]
  [ 0.  0. -1.]]

 [[ 1.  0.  0.]
  [ 0. -1.  0.]
  [ 0.  0. -1.]]

 [[ 1.  0.  0.]
  [ 0. -1.  0.]
  [ 0.  0. -1.]]

 [[ 1.  0.  0.]
  [ 0. -1.  0.]
  [ 0.  0. -1.]]

 [[ 1.  0.  0.]
  [ 0. -1.  0.]
  [ 0.  0. -1.]]]
primal_step_norm SUCCESS
SOLVED , sqp_iter_: 0
AFTER initial_guess_[0].uk: [-0.006759, -0.004022, -0.009220, -0.008095, 0.005056, 0.005893, -0.040964, 0.299955]
Traceback (most recent call last):
  File "/home/mms-wonchan/git/MPCC_manipulator/python/main_w_sim.py", line 582, in <module>
    main(args)
  File "/home/mms-wonchan/git/MPCC_manipulator/python/main_w_sim.py", line 313, in main
    status, state, input, mpc_horizon, compute_time, iter_count, sqp_iter_count = mpc.runMPC(state, input, obs_positions, obs_radius) if args.is_obs else mpc.runMPC(state, input)
ValueError: too many values to unpack (expected 7)
[INFO] [1760596507.605531450] [moveit_ros.planning_scene_monitor.planning_scene_monitor]: Stopped publishing maintained planning scene.
[INFO] [1760596507.605549738] [moveit_ros.planning_scene_monitor.planning_scene_monitor]: Stopping planning scene monitor
Franka Panda Robot Model is removed!
Deleting Osqp Interface
NN model terminate
MLP terminate
NN model terminate
MLP terminate
Franka Panda Robot Model is removed!
Deleting Solver Interface
Franka Panda Robot Model is removed!
Franka Panda Robot Model is removed!
NN model terminate
MLP terminate
NN model terminate
MLP terminate
