
=== Statistics for Combined Statistics (Debug & Time Data) ===
q               | mean:   0.025310 | min:  -2.433316 | max:   1.597807 | var:   1.074635 | std:   1.036646 |
qdot            | mean:   0.000214 | min:  -1.482665 | max:   1.109546 | var:   0.046812 | std:   0.216361 |
qddot           | mean:   0.000214 | min:  -1.482665 | max:   1.109546 | var:   0.046812 | std:   0.216361 |
s               | mean:   0.375964 | min:  -0.000524 | max:   0.996571 | var:   0.115849 | std:   0.340366 |
vs              | mean:   0.042541 | min:  -0.012762 | max:   0.099650 | var:   0.001566 | std:   0.039576 |
dVs             | mean:   0.000883 | min:  -1.747659 | max:   1.066204 | var:   0.040341 | std:   0.200852 |
ee_vel          | mean:   0.000069 | min:  -0.270123 | max:   0.207782 | var:   0.004761 | std:   0.069001 |
ee_speed        | mean:   0.095063 | min:   0.000000 | max:   0.270132 | var:   0.005246 | std:   0.072432 |
sel_min_dist    | mean:  15.553993 | min:   1.512965 | max:  25.954297 | var:  66.797842 | std:   8.172995 |
env_min_dist    | mean:   0.367887 | min:   0.033203 | max:   0.742188 | var:   0.032759 | std:   0.180994 |
mani            | mean:   0.081042 | min:   0.058984 | max:   0.093918 | var:   0.000073 | std:   0.008563 |
contour_error   | mean:   0.006256 | min:   0.000023 | max:   0.048100 | var:   0.000141 | std:   0.011895 |
spline_ee_pose  | mean:  -0.008888 | min:  -1.000000 | max:   1.000000 | var:   0.214503 | std:   0.463144 |
pred_ee_pose    | mean:  -0.005483 | min:  -1.000000 | max:   1.000000 | var:   0.217804 | std:   0.466695 |
ref_ee_pose     | mean:  -0.004360 | min:  -1.000000 | max:   1.000000 | var:   0.217291 | std:   0.466144 |
iter_count      | mean: 186.961161 | min:  50.000000 | max: 250.000000 | var: 4671.004467 | std:  68.344747 |
sqp_iter_count  | mean:   0.826718 | min:   0.000000 | max:   1.000000 | var:   0.143255 | std:   0.378491 |
total_iter_count | mean: 186.961161 | min:  50.000000 | max: 250.000000 | var: 4671.004467 | std:  68.344747 |
solve_count     | final value: 2343
top3_total_iter_counts | Top 3 values: [250, 200, 150]
top3_solve_nums | Top 3 solve numbers:
                  Rank 1: [3, 8, 9, 10, 11, 12, 13, 14, 15, 16, 17, 18, 19, 21, 23, 24, 27, 28, 29, 30, 31, 32, 33, 34, 35, 36, 37, 38, 39, 40, 41, 42, 43, 44, 45, 46, 47, 48, 49, 50, 51, 52, 53, 54, 55, 56, 57, 58, 59, 60, 61, 62, 63, 64, 65, 67, 68, 69, 70, 71, 72, 73, 74, 75, 76, 77, 78, 79, 80, 81, 82, 83, 84, 86, 87, 88, 89, 91, 92, 93, 95, 96, 97, 98, 99, 101, 103, 104, 105, 107, 108, 109, 110, 111, 113, 114, 115, 116, 118, 120, 121, 122, 123, 124, 125, 126, 127, 129, 130, 131, 132, 133, 134, 139, 140, 141, 142, 143, 145, 146, 148, 150, 151, 152, 153, 154, 156, 157, 158, 159, 160, 161, 162, 166, 167, 169, 170, 171, 172, 173, 174, 175, 176, 177, 178, 179, 180, 183, 184, 186, 187, 188, 189, 191, 192, 193, 194, 195, 196, 197, 198, 200, 201, 202, 204, 205, 206, 207, 208, 209, 210, 212, 214, 215, 216, 217, 218, 219, 220, 221, 222, 223, 224, 225, 226, 227, 228, 229, 230, 231, 232, 233, 234, 235, 236, 237, 238, 239, 240, 241, 242, 243, 244, 245, 246, 247, 248, 249, 250, 251, 252, 253, 254, 255, 256, 257, 258, 259, 260, 261, 262, 263, 264, 265, 266, 267, 268, 270, 271, 273, 274, 275, 276, 277, 278, 280, 281, 282, 283, 284, 285, 286, 287, 288, 289, 291, 292, 293, 294, 295, 296, 298, 299, 300, 301, 302, 303, 304, 305, 306, 307, 308, 309, 310, 311, 312, 313, 314, 315, 316, 317, 318, 319, 320, 322, 323, 324, 325, 326, 327, 328, 329, 330, 331, 332, 335, 336, 337, 340, 341, 342, 343, 344, 346, 347, 349, 350, 351, 352, 353, 354, 355, 356, 357, 358, 359, 360, 361, 362, 363, 364, 365, 367, 368, 369, 370, 373, 374, 375, 376, 377, 378, 379, 380, 381, 382, 383, 384, 386, 387, 388, 390, 391, 393, 396, 397, 398, 399, 400, 401, 402, 403, 405, 406, 407, 409, 410, 415, 416, 417, 418, 419, 420, 421, 422, 423, 424, 425, 426, 427, 428, 430, 432, 433, 434, 435, 436, 437, 438, 439, 440, 442, 443, 444, 445, 446, 447, 448, 449, 450, 451, 452, 453, 454, 455, 456, 457, 458, 459, 461, 462, 463, 464, 465, 467, 468, 469, 470, 471, 473, 474, 475, 476, 477, 478, 479, 480, 481, 482, 483, 484, 486, 487, 488, 490, 491, 492, 493, 494, 495, 496, 497, 498, 499, 501, 503, 504, 506, 507, 508, 509, 510, 511, 512, 513, 514, 515, 516, 517, 518, 519, 520, 521, 522, 523, 524, 525, 526, 527, 528, 530, 531, 532, 533, 534, 535, 536, 537, 538, 539, 540, 541, 542, 543, 544, 545, 546, 547, 548, 549, 550, 551, 552, 553, 554, 555, 556, 557, 558, 559, 560, 561, 562, 563, 564, 565, 566, 567, 568, 569, 570, 571, 572, 573, 574, 575, 576, 577, 578, 579, 580, 581, 582, 583, 584, 585, 586, 587, 588, 589, 590, 591, 592, 593, 594, 595, 596, 597, 599, 600, 601, 602, 603, 604, 605, 606, 607, 608, 609, 610, 611, 612, 613, 614, 615, 616, 617, 618, 619, 620, 621, 622, 623, 624, 625, 626, 627, 628, 629, 630, 631, 632, 633, 634, 635, 636, 637, 638, 639, 640, 641, 642, 643, 650, 651, 652, 653, 654, 655, 656, 657, 658, 659, 660, 661, 662, 663, 664, 665, 666, 667, 668, 669, 670, 671, 672, 673, 674, 675, 676, 677, 678, 679, 680, 681, 682, 683, 684, 685, 686, 687, 688, 689, 690, 691, 694, 695, 696, 697, 698, 699, 700, 701, 702, 703, 704, 705, 706, 707, 708, 709, 710, 711, 712, 713, 714, 715, 716, 717, 718, 720, 721, 722, 723, 724, 725, 726, 727, 728, 729, 730, 733, 734, 735, 736, 737, 738, 739, 740, 742, 743, 744, 746, 747, 748, 750, 752, 753, 754, 756, 779, 780, 781, 782, 783, 785, 786, 787, 791, 796, 797, 812, 816, 848, 850, 855, 892, 896, 903, 905, 906, 907, 956, 957, 976, 977, 978, 980, 982, 983, 987, 990, 993, 994, 996, 997, 1000, 1004, 1005, 1008, 1009, 1010, 1014, 1022, 1023, 1024, 1025, 1026, 1027, 1028, 1029, 1033, 1034, 1035, 1036, 1040, 1041, 1045, 1046, 1049, 1050, 1051, 1052, 1054, 1055, 1060, 1061, 1065, 1066, 1070, 1071, 1072, 1076, 1077, 1078, 1082, 1083, 1087, 1088, 1089, 1094, 1095, 1096, 1100, 1101, 1102, 1106, 1107, 1111, 1112, 1117, 1118, 1122, 1123, 1124, 1128, 1129, 1130, 1134, 1135, 1136, 1141, 1142, 1143, 1144, 1145, 1146, 1150, 1151, 1152, 1153, 1154, 1158, 1159, 1160, 1161, 1162, 1163, 1164, 1165, 1169, 1170, 1171, 1173, 1175, 1176, 1177, 1178, 1179, 1180, 1185, 1191, 1192, 1193, 1194, 1195, 1196, 1199, 1200, 1201, 1202, 1203, 1204, 1205, 1206, 1207, 1208, 1209, 1210, 1211, 1212, 1213, 1216, 1219, 1307, 1309, 1313, 1620, 1623, 1632, 1635, 1636, 1638, 1640, 1642, 1644, 1645, 1646, 1647, 1648, 1656, 1657, 1665, 1667, 1669, 1670, 1672, 1675, 1676, 1678, 1679, 1680, 1681, 1682, 1684, 1685, 1687, 1692, 1693, 1695, 1696, 1697, 1698, 1702, 1703, 1704, 1705, 1708, 1709, 1710, 1711, 1712, 1714, 1716, 1717, 1719, 1720, 1721, 1723, 1724, 1725, 1727, 1730, 1731, 1734, 1735, 1736, 1737, 1738, 1740, 1742, 1743, 1748, 1749, 1752, 1753, 1754, 1755, 1757, 1758, 1759, 1760, 1761, 1762, 1765, 1766, 1767, 1769, 1770, 1772, 1773, 1774, 1775, 1776, 1777, 1778, 1779, 1780, 1781, 1782, 1785, 1786, 1789, 1790, 1791, 1792, 1794, 1795, 1796, 1797, 1798, 1799, 1800, 1801, 1803, 1804, 1805, 1806, 1808, 1809, 1811, 1812, 1814, 1816, 1817, 1819, 1820, 1823, 1824, 1825, 1826, 1827, 1828, 1829, 1830, 1831, 1832, 1833, 1834, 1835, 1836, 1837, 1838, 1839, 1840, 1841, 1842, 1843, 1844, 1846, 1847, 1848, 1849, 1850, 1851, 1852, 1853, 1854, 1856, 1858, 1859, 1860, 1861, 1863, 1864, 1865, 1866, 1867, 1868, 1870, 1871, 1872, 1873, 1874, 1875, 1877, 1878, 1879, 1880, 1881, 1882, 1883, 1884, 1887, 1889, 1890, 1891, 1892, 1894, 1896, 1897, 1899, 1901, 1902, 1903, 1905, 1908, 1909, 1910, 1911, 1913, 1914, 1915, 1916, 1917, 1918, 1919, 1920, 1921, 1922, 1923, 1924, 1927, 1928, 1929, 1932, 1933, 1935, 1936, 1937, 1938, 1939, 1941, 1942, 1943, 1945, 1946, 1947, 1948, 1949, 1951, 1953, 1954, 1978, 1979, 1980, 1984, 2006, 2007, 2017, 2019, 2021, 2023, 2024, 2031, 2037, 2038, 2040, 2041, 2042, 2045, 2047, 2053, 2054, 2055, 2060, 2061, 2067, 2068, 2070, 2071, 2074, 2075, 2076, 2077, 2083, 2084, 2085, 2087, 2088, 2093, 2095, 2101, 2104, 2105, 2106, 2111, 2112, 2114, 2116, 2118, 2120, 2121, 2122, 2124, 2125, 2126, 2127, 2128, 2131, 2132, 2135, 2140, 2142, 2143, 2144, 2146, 2149]
                  Rank 2: [6, 7, 20, 26, 66, 85, 90, 94, 100, 102, 106, 117, 119, 128, 135, 136, 137, 138, 155, 164, 165, 168, 181, 182, 199, 203, 211, 272, 279, 321, 345, 366, 371, 372, 385, 389, 392, 395, 404, 412, 414, 429, 431, 441, 466, 485, 489, 500, 505, 529, 598, 644, 645, 646, 649, 719, 731, 732, 741, 745, 749, 751, 755, 757, 758, 784, 789, 790, 798, 799, 800, 801, 802, 804, 805, 806, 807, 808, 809, 810, 813, 815, 817, 818, 819, 820, 829, 854, 868, 870, 888, 898, 900, 901, 909, 910, 955, 958, 979, 981, 985, 986, 988, 989, 991, 992, 998, 1006, 1007, 1011, 1017, 1018, 1019, 1021, 1032, 1039, 1042, 1044, 1047, 1048, 1053, 1057, 1064, 1110, 1113, 1137, 1167, 1172, 1174, 1182, 1183, 1184, 1186, 1187, 1188, 1189, 1190, 1197, 1198, 1214, 1221, 1226, 1229, 1303, 1342, 1343, 1347, 1369, 1600, 1601, 1612, 1613, 1619, 1624, 1629, 1633, 1643, 1654, 1655, 1659, 1666, 1668, 1673, 1677, 1688, 1694, 1699, 1701, 1707, 1713, 1715, 1718, 1722, 1726, 1729, 1739, 1746, 1750, 1751, 1787, 1802, 1807, 1815, 1822, 1855, 1862, 1869, 1885, 1886, 1898, 1904, 1906, 1907, 1912, 1925, 1926, 2000, 2002, 2003, 2004, 2008, 2016, 2018, 2032, 2035, 2043, 2044, 2048, 2049, 2050, 2051, 2052, 2057, 2058, 2059, 2062, 2063, 2064, 2065, 2066, 2086, 2091, 2092, 2098, 2103, 2107, 2108, 2117, 2119, 2129, 2139, 2141, 2147, 2148, 2150, 2151, 2159, 2290, 2292, 2302, 2304, 2308, 2312, 2314, 2316, 2318, 2319, 2320, 2321]
                  Rank 3: [1, 2, 4, 5, 112, 147, 149, 163, 185, 190, 213, 269, 333, 334, 338, 348, 408, 411, 413, 460, 472, 502, 647, 648, 692, 693, 760, 761, 763, 764, 767, 768, 770, 771, 772, 773, 774, 775, 776, 777, 778, 788, 793, 794, 803, 814, 821, 822, 823, 827, 831, 832, 834, 838, 841, 842, 843, 845, 849, 853, 857, 858, 861, 865, 866, 869, 871, 872, 873, 874, 875, 876, 877, 878, 879, 880, 881, 882, 883, 884, 885, 886, 887, 889, 890, 897, 899, 902, 904, 908, 911, 912, 913, 914, 915, 916, 922, 949, 950, 952, 954, 961, 962, 984, 995, 999, 1001, 1003, 1012, 1015, 1016, 1020, 1030, 1043, 1056, 1062, 1067, 1069, 1073, 1074, 1080, 1084, 1086, 1090, 1091, 1093, 1098, 1099, 1104, 1109, 1114, 1115, 1119, 1120, 1125, 1131, 1132, 1138, 1140, 1147, 1155, 1156, 1157, 1181, 1215, 1217, 1218, 1220, 1222, 1225, 1227, 1228, 1230, 1232, 1233, 1234, 1235, 1236, 1237, 1238, 1240, 1247, 1249, 1250, 1251, 1261, 1263, 1265, 1267, 1269, 1271, 1273, 1275, 1277, 1278, 1279, 1283, 1292, 1293, 1294, 1296, 1298, 1300, 1304, 1305, 1310, 1311, 1314, 1316, 1317, 1318, 1336, 1339, 1340, 1341, 1344, 1345, 1382, 1391, 1405, 1406, 1599, 1602, 1605, 1608, 1609, 1610, 1611, 1614, 1615, 1616, 1617, 1618, 1621, 1622, 1625, 1630, 1631, 1639, 1641, 1661, 1662, 1663, 1664, 1674, 1683, 1689, 1690, 1691, 1700, 1706, 1728, 1732, 1747, 1756, 1768, 1771, 1793, 1810, 1813, 1845, 1876, 1893, 1895, 1930, 1934, 1950, 1952, 1958, 1960, 1961, 1963, 1964, 1968, 1970, 1972, 1973, 1974, 1976, 1977, 1982, 1986, 1988, 1992, 1993, 1995, 1996, 1997, 1998, 2001, 2005, 2009, 2012, 2013, 2014, 2015, 2033, 2034, 2036, 2039, 2046, 2069, 2078, 2081, 2089, 2090, 2094, 2096, 2097, 2099, 2100, 2109, 2110, 2123, 2133, 2134, 2136, 2137, 2138, 2145, 2153, 2154, 2155, 2156, 2157, 2196, 2198, 2199, 2200, 2201, 2202, 2203, 2204, 2206, 2207, 2208, 2209, 2211, 2212, 2215, 2216, 2217, 2218, 2219, 2220, 2221, 2222, 2224, 2225, 2226, 2227, 2228, 2239, 2279, 2280, 2281, 2282, 2283, 2284, 2285, 2286, 2287, 2288, 2289, 2291, 2293, 2294, 2295, 2296, 2298, 2300, 2306, 2310, 2315, 2317, 2322, 2323, 2324, 2325, 2326, 2327, 2328, 2329, 2331, 2332, 2333, 2335, 2336, 2337, 2338, 2339, 2340, 2341, 2342, 2343]
is_collision    | mean:   0.121212 | min:   0.000000 | max:   1.000000 | var:   0.106520 | std:   0.326374 |
actual_min_dist | mean:   0.109250 | min:  -0.056546 | max:   0.422552 | var:   0.014823 | std:   0.121750 |
nn_min_dist     | mean:   0.153551 | min:   0.033203 | max:   0.464844 | var:   0.012644 | std:   0.112443 |
nn_error        | mean:   0.044696 | min:   0.000010 | max:   0.132820 | var:   0.000999 | std:   0.031612 |
total           | mean:   0.119801 | min:   0.070228 | max:   0.173428 | var:   0.000806 | std:   0.028396 |
set_env         | mean:   0.116021 | min:   0.066359 | max:   0.167716 | var:   0.000782 | std:   0.027970 |
set_qp          | mean:   0.000380 | min:   0.000000 | max:   0.004570 | var:   0.000000 | std:   0.000216 |
solve_qp        | mean:   0.001719 | min:   0.000000 | max:   0.029411 | var:   0.000001 | std:   0.001166 |
get_alpha       | mean:   0.000000 | min:   0.000000 | max:   0.000000 | var:   0.000000 | std:   0.000000 |

