0
1
2
3
4
5
6
7
8
9
10
11
12
13
14
15
16
17
21
22
25
29
32
33
34
35
37
42
45
48
51
52
53
54
55
56
57
58
60
61
62
63
65
70
72
75
81
82
83
84
85
86
87
88
90
91
92
93
95
100
102
105
106
107
108
109
110
111
113
114
116
117
119
121
124
125
128
132
134
137
140
146
152
157
158
159
160
161
162
163
164
165
166
167
168
169
170
171
172
173
174
175
176
177
178
179
180
181
182
183
184
185
186
187
188
189
190
191
192
193
194
195
196
197
198
199
200
201
202
203
204
205
206
207
208
209
210
211
212
213
214
215
216
217
218
219
220
221
222
223
224
225
226
227
228
229
230
231
232
233
234
235
236
237
238
239
240
241
242
243
244
245
246
247
248
249
250
251
252
253
254
255
256
257
258
261
265
270
276
283
291
292
293
294
295
298
300
302
304
306
308
310
312
314
316
318
320
329
343
357
371
385
399
413
428
444
461
479
498
518
539
555
571
587
603
619
635
651
667
684
702
721
741
762
784
800
816
832
848
864
880
881
882
883
884
885
886
887
888
889
890
891
892
893
894
895
896
897
898
899
900
901
902
903
904
905
906
907
908
909
910
911
912
913
914
915
916
917
918
919
920
921
936
952
969
970
971
972
973
974
975
976
977
978
979
980
981
982
983
984
985
986
987
988
989
990
991
992
993
994
995
996
997
998
999
1000
1001
1002
1003
1004
1005
1006
1007
1008
1023
1039
1054
1071
1072
1073
1074
1075
1076
1077
1078
1079
1080
1081
1082
1083
1084
1085
1086
1087
1088
1089
1090
1091
1092
1093
1094
1095
1096
1097
1098
1099
1100
1101
1102
1103
1104
1105
1106
1107
1108
1109
1110
1111
1112
1113
1114
1115
1116
1117
1118
1119
1120
1121
1122
1123
1124
1125
1126
1127
1128
1129
1130
1131
1132
1133
1137
1138
1139
1140
1141
1142
1143
1147
1148
1149
1150
1151
1152
1153
1157
1158
1159
1160
1161
1162
1163
1167
1168
1169
1170
1171
1172
1173
1177
1178
1179
1180
1181
1182
1183
1184
1185
1186
1187
1188
1189
1190
1191
1192
1193
1194
1198
1199
1200
1201
1202
1203
1204
1208
1213
1219
1226
1234
1243
1253
1264
1279
1294
1309
1324
1339
1354
1369
1384
1399
1414
1429
1445
1461
1478
1494
1512
1528
1547
1563
1583
1599
1600
1601
1602
1603
1604
1605
1606
1607
1608
1609
1610
1611
1612
1613
1614
1615
1616
1617
1618
1619
1620
1621
1622
1623
1624
1625
1626
1641
1657
1672
1689
1710
1732
1749
1766
1784
1800
1819
1835
1855
1871
1872
1873
1874
1875
1876
1877
1878
1879
1880
1881
1882
1883
1884
1885
1886
1887
1888
1889
1890
1891
1892
1893
1894
1895
1896
1897
1898
1913
1929
1944
1961
1982
2004
2021
2038
2056
2072
2091
2107
2127
2143
2144
2145
2146
2147
2148
2149
2150
2151
2152
2153
2154
2155
2156
2157
2158
2159
2160
2161
2162
2163
2164
2165
2166
2167
2168
2169
2170
2185
2201
2216
2233
2254
2271
2288
2310
2328
2344
2363
2379
2399
2415
2436
2453
2470
2492
2510
2526
2545
2561
2581
2597
2618
2640
2657
2673
2691
2703
2715
2727
2739
2751
2763
2782
2802
2823
2845
2862
2880
2899
2919
2940
2962
2985
2997
3008
3018
3035
3052
3069
3086
3103
3120
3137
3149
3150
3151
3152
3153
3154
3155
3156
3157
3158
3159
3160
3161
3162
3163
3164
3165
3166
3167
3168
3169
3170
