445
446
447
448
444
449
443
609
17
463
462
469
467
502
465
503
610
20
508
510
506
543
501
544
499
611
26
549
547
551
542
587
540
584
612
45
590
592
588
597
583
594
581
613
42
600
598
602
326
604
324
605
614
81
615
616
608
617
283
618
282
636
58
619
620
621
622
623
624
625
82
80
233
228
229
227
230
231
232
626
76
213
218
217
219
216
215
214
627
73
184
186
185
206
189
188
187
628
69
389
396
403
410
435
417
442
18
464
461
470
468
505
466
504
11
509
511
507
546
500
545
498
24
550
548
552
541
585
539
586
36
591
593
589
595
582
596
580
40
601
599
603
325
607
323
606
52
629
630
631
632
633
634
281
56
239
238
237
234
236
235
635
66
220
221
222
226
223
224
225
74
212
211
210
194
209
208
207
72
387
394
401
408
433
415
440
4
16
388
395
402
409
434
416
441
28
19
378
381
366
370
473
374
481
27
21
358
354
362
514
476
522
484
29
25
346
350
342
517
555
525
563
43
37
334
330
338
298
558
306
566
44
41
291
295
287
301
257
309
264
59
53
242
245
254
248
260
251
267
60
57
91
117
114
120
111
108
105
77
67
159
144
147
130
150
153
156
78
75
183
177
180
193
168
171
174
79
71
386
393
400
407
432
414
439
3
15
377
380
365
369
472
373
480
6
13
357
353
361
513
475
521
483
8
10
345
349
341
516
554
524
562
1
23
333
329
337
297
557
305
565
33
35
290
294
286
300
256
308
263
31
39
241
244
253
247
259
250
266
49
51
90
116
113
119
110
107
104
47
55
158
143
146
129
149
152
155
64
65
181
175
178
191
166
169
172
62
70
182
176
179
192
167
170
173
61
68
385
392
399
406
431
413
438
2
14
376
379
364
368
471
372
479
5
12
356
352
360
512
474
520
482
7
9
344
348
340
515
553
523
561
0
22
332
328
336
296
556
304
564
32
34
289
293
285
299
255
307
262
30
38
240
243
252
246
258
249
265
48
50
89
115
112
118
109
106
103
46
54
157
142
145
128
148
151
154
63
383
390
397
404
429
411
436
637
384
391
398
405
430
412
437
638
375
382
363
367
477
371
485
639
355
351
359
518
478
526
486
640
343
347
339
519
559
527
567
641
331
327
335
302
560
310
568
642
288
292
284
303
261
311
268
643
83
84
85
88
86
87
269
644
127
126
125
121
124
123
122
645
160
161
162
190
163
164
165
646
460
450
451
452
453
454
455
456
457
458
459
428
427
426
425
424
423
422
421
420
419
418
497
496
495
494
493
492
491
490
489
488
487
538
537
536
535
534
533
532
531
530
529
528
579
578
577
576
575
574
573
572
571
570
569
322
321
320
319
318
317
316
315
314
313
312
280
279
278
277
276
275
274
273
272
271
270
102
101
100
99
98
97
96
95
94
93
92
141
140
139
138
137
136
135
134
133
132
131
205
195
196
197
198
199
200
201
202
203
204
647
648
649
650
651
652
653
654
655
656
657
