1
1
1
1
1
1
1
1
1
1
1
1
1
1
1
1
1
-1.9999998211860657
1
0.50000005960464478
-2.9999996423721313
0.33333343267440796
1
1
1
5.9604644775390625e-08
-16777218.999998927
-0.99999884102120296
1.0000003377590381
1.9999990397029934
1
1
1
1
1
1
1
5.9604644775390625e-08
1
1
1
5.9604644775390625e-08
-33554430.999999881
-8388606.9999999404
-0.9999995231628418
-0.50000011920930332
1
1
1
1
1
1
1
5.9604644775390625e-08
1
1
1
5.9604644775390625e-08
-33554430.999999881
-8388606.9999999404
-0.9999995231628418
1
1
1
1
1
1
5.9604644775390625e-08
1
5.9604644775390625e-08
1
-16777214
1.0000000596046448
1.1920928599806757e-07
1
-8388607.4999999404
-16777214.999999821
-0.9999997615814209
0.99999988079073177
0.49999985098840938
7.748596999590518e-07
1.0000005923204824
-1290559.6405335884
1
1
1
1
1
1
1
1
1
1
1
1
1
1
1
1
1
1
1
1
1
1
1
1
1
1
1
1
1
1
1
1
1
1
1
1
1
1
1
1
1
1
1
1
1
1
1
1
1
1
1
1
1
1
1
1
1
1
1
1
1
1
1
1
1
1
1
1
1
1
1
1
1
1
1
1
1
1
1
1
1
1
1
1
1
1
1
1
1
1
1
1
1
1
1
1
1
1
1
1
1
-0.99999988079071045
1.1920928955078125e-07
-33554429.999999881
-5.9999994039535522
-3.3333332935968847
-2.7999998754925115
1
1
1
1
-0.99999988079071045
2
1.5000000298023224
1.3333333383003858
1.2500000024835263
1.2000000007450577
1.1666666679581004
1.1428571435430692
1.1250000017308661
1.1111111114225374
1.1000000012793447
1.0909090922809437
-2.4880951389315547
-0.97846891120460044
-0.74449867690516602
-0.66420359264163076
-0.62360930357384692
-0.8756193296310234
-0.58800220058384278
-0.99999981066049659
2.6450031320734979e-07
-15122856.802784579
-3.3463848568499088
-2.8046800910222851
-2.5738123391665271
-2.4458851313587342
-12.591149211208904
-2.8213030254280458
-2.2024959608440993
-1.9784315970842459
-1.6442108780508256
-1.7820711106168585
-1.7374241051157808
-2.424435179216327
-2.0836978092634761
-1.3342664576083179
1.6608381642260381
-12.89024306811927
-5.8380074597469438
-4.7634296158958183
-12.79006641165347
-3.1640023153656003
-2.4871337642811797
-2.2380197720253241
-2.1086797607141445
-2.0294741560940395
1
1
1
1
1
1
1
1
1
1
1
1
1
1
1
1
1
1
1
1
1
1
1
1
1
1
1
1
1
1
1
1
1
1
1
1
1
1
1
1
1
-12.999999165534973
-2.9230769368318512
-4.6842104142090282
1
1
1
1
1
1
1
1
1
1
1
1
1
1
1
1
1
1
1
1
1
1
1
1
1
1
1
1
1
1
1
1
1
1
1
1
1
1
1
-12.999999165534973
-2.9230769368318512
-3.447368264061403
-2.511450195422519
1
1
1
1
1
1
1
1
1
1
1
1
1
1
1
1
1
1
1
1
1
1
1
1
1
1
1
1
1
1
1
1
1
1
1
1
1
1
1
1
1
1
1
1
1
1
1
1
1
1
1
1
1
1
1
1
1
1
1
1
1
1
-1.9999998211860657
1
1
1
1
1
1
-1.9999998211860657
1
1
1
1
1
1
-1.9999998211860657
1
1
1
1
1
1
-1.9999998211860657
1
1
1
1
1
1
-1.9999998211860657
1
1
1
1
1
1
1
1
1
1
1
1
1
1
1
1
1
-1.9999998211860657
1
1
1
1
1
1
-1.9999998211860657
-2.4999998211860639
-2.0999997556209546
-1.166666156848251
3.5000038272812235
-10.499995328972638
-5.8333323745307375
-4.8999994774337221
3.9999999806532371
1.7500001437838288
1.4285714682706061
1.3000000180692282
1.2307692392608718
1.1875000084814873
1.1578947424246513
1.1363636401534898
1.1200000018606056
1.1071428578690696
1.0967741944430525
-12.999999165534971
-2.4314803048769686
-4.1984579940762767
-1.6381825084831878
-3.1492446681178148
-1.1215138413961323
-1.4148673925849127
2.3298025632313317
-9.7616005044339857
-3.2304530159094647
1
1
1
1
1
1
1
1
1
1
1
1
1
1
1
1
1
1
1
1
1
1
1
1
1
1
1
-12.999999165534973
-2.9230769368318512
-3.447368264061403
-2.511450195422519
-4.7183856160818776
-4.1922966807922437
-2.0625922392831004
-1.9361699081655146
-3.1378998425012528
-1.1134280309775761
-1.3926456698852787
2.4374541315685998
-9.5663171708171806
-3.2214221741857556
1
1
1
1
1
1
1
1
1
1
1
1
1
1
1
1
1
1
1
1
1
1
1
1
1
1
1
-12.999999165534973
-2.9230769368318512
-3.447368264061403
-2.511450195422519
-4.6869153264875383
-4.1690160336452466
-2.0616066373857493
-1.9352538804487183
-3.1375675501527418
-1.1131899309782904
-1.3919903389236234
2.4406864228953902
-9.560716353882988
-3.2211585025359835
1
1
1
1
1
1
1
1
1
1
1
1
1
1
1
1
1
1
1
1
1
1
1
1
1
1
1
-12.999999165534973
-2.9230769368318512
-3.447368264061403
-2.511450195422519
-4.6859959214436957
-2.1229092463088177
-2.0112514453602834
-3.8949006474427175
-3.1375577462222419
-1.1131828344770918
-1.3919707860224386
2.4407823776578761
-9.5605516066704794
-3.2211507468175928
-4.685968793681675
-2.1229090577429535
-2.0112503754546909
-3.8948809219411831
-3.1375574272554942
-1.1131826244862706
-1.3919703142117215
2.4407855737110111
-9.5605456446507482
-3.2211504817828192
-4.8706611633955479
-4.1765822137528206
-2.1230173972119828
-2.0431442797198103
-4.0438784489551765
-5.3235693963907051
-5.5551898185398283
-5.130380853370152
1.6884856222711497
-9.5269174893785671
-14.752398651748589
-3.9458338078841
-3.8742088343811156
-3.8195923100953144
-3.7765688959712409
-2.1746122356118063
-1.7645965004992483
-0.72523116640064544
7.1750267503886178
-7.5934669477314998
-4.9507530508348081
-3.8073601376961497
-26.920268424333855
-5.5781987077044946
-2.9885925620323008
-0.33112610908376189
4.1319589803442556
-3.6726241843525287
-2.4421249092618305
-2.1138777519044663
-1.9615166149739462
-1.8985413807559817
-4.8477661470513098
1
1
1
1
1
1
1
1
1
1
1
1
1
1
1
1
1
1
1
1
1
