612
612
609
609
609
610
610
611
611
26
26
21
27
20
20
17
17
17
19
28
19
28
20
28
21
27
28
26
27
28
45
45
25
29
26
29
45
27
28
29
45
28
29
45
610
611
29
45
609
610
611
45
609
610
611
612
614
614
613
613
42
42
37
43
42
43
45
81
81
41
44
42
44
81
43
44
45
81
44
45
81
612
613
45
81
612
613
614
81
609
610
611
612
613
614
82
82
636
636
58
58
53
59
58
59
81
80
80
57
60
58
60
80
59
60
80
81
60
80
81
614
636
80
81
82
614
636
628
627
626
626
76
67
77
76
77
80
69
71
73
72
73
73
79
75
79
75
78
76
78
79
77
78
79
80
78
79
80
82
626
79
80
82
626
627
80
82
626
627
628
81
82
614
626
627
628
636
82
609
610
611
612
613
614
626
627
628
636
609
610
611
612
613
614
619
620
621
622
623
624
625
626
627
628
636
239
629
238
630
237
631
236
633
235
634
234
632
619
619
233
239
619
234
235
236
237
238
239
619
620
621
622
623
624
625
635
234
235
236
237
238
239
619
620
621
622
623
624
625
635
234
235
236
237
238
239
619
620
621
622
623
624
625
635
234
235
236
237
238
239
619
620
621
622
623
624
625
635
234
235
236
237
238
239
619
620
621
622
623
624
625
635
234
235
236
237
238
239
619
620
621
622
623
624
625
635
234
235
236
237
238
239
619
620
621
622
623
624
625
635
234
235
236
237
238
239
619
620
621
622
623
624
625
635
234
235
236
237
238
239
619
620
621
622
623
624
625
635
234
235
236
237
238
239
619
620
621
622
623
624
625
635
234
235
236
237
238
239
619
620
621
622
623
624
625
635
625
625
232
625
635
624
624
231
235
624
623
623
230
236
623
621
621
229
237
621
620
620
228
238
620
622
622
227
234
622
226
234
225
635
224
235
223
236
222
237
221
238
220
239
227
227
219
226
227
220
221
222
223
224
225
226
227
228
229
230
231
232
233
220
221
222
223
224
225
226
227
228
229
230
231
232
233
220
221
222
223
224
225
226
227
228
229
230
231
232
233
220
221
222
223
224
225
226
227
228
229
230
231
232
233
220
221
222
223
224
225
226
227
228
229
230
231
232
233
220
221
222
223
224
225
226
227
228
229
230
231
232
233
220
221
222
223
224
225
226
227
228
229
230
231
232
233
220
221
222
223
224
225
226
227
228
229
230
231
232
233
220
221
222
223
224
225
226
227
228
229
230
231
232
233
220
221
222
223
224
225
226
227
228
229
230
231
232
233
220
221
222
223
224
225
226
227
228
229
230
231
232
233
228
228
218
221
228
229
229
217
222
229
230
230
216
223
230
231
231
215
224
231
232
232
214
225
232
233
233
213
220
233
212
220
211
221
210
222
209
223
208
224
207
225
216
189
189
209
216
215
188
188
208
215
214
187
187
207
214
218
186
186
211
218
217
185
185
210
217
213
184
184
212
213
185
186
187
188
189
206
212
213
628
186
187
188
189
206
210
212
213
217
628
187
188
189
206
210
211
212
213
217
218
628
188
189
206
207
210
211
212
213
214
217
218
628
189
206
207
208
210
211
212
213
214
215
217
218
628
206
207
208
209
210
211
212
213
214
215
216
217
218
628
194
226
219
206
194
206
219
195
196
197
198
199
200
201
202
203
204
205
206
219
226
196
197
198
199
200
201
202
203
204
205
206
207
208
209
210
211
212
213
214
215
216
217
218
219
226
197
198
199
200
201
202
203
204
205
206
207
208
209
210
211
212
213
214
215
216
217
218
219
226
198
199
200
201
202
203
204
205
206
207
208
209
210
211
212
213
214
215
216
217
218
219
226
199
200
201
202
203
204
205
206
207
208
209
210
211
212
213
214
215
216
217
218
219
226
200
201
202
203
204
205
206
207
208
209
210
211
212
213
214
215
216
217
218
219
226
201
202
203
204
205
206
207
208
209
210
211
212
213
214
215
216
217
218
219
226
202
203
204
205
206
207
208
209
210
211
212
213
214
215
216
217
218
219
226
203
204
205
206
207
208
209
210
211
212
213
214
215
216
217
218
219
226
204
205
206
207
208
209
210
211
212
213
214
215
216
217
218
219
226
205
206
207
208
209
210
211
212
213
214
215
216
217
218
219
226
206
207
208
209
210
211
212
213
214
215
216
217
218
219
226
207
208
209
210
211
212
213
214
215
216
217
218
219
226
628
208
209
210
211
212
213
214
215
216
217
218
219
225
226
628
209
210
211
212
213
214
215
216
217
218
219
224
225
226
628
210
211
212
213
214
215
216
217
218
219
223
224
225
226
628
211
212
213
214
215
216
217
218
219
222
223
224
225
226
628
212
213
214
215
216
217
218
219
221
222
223
224
225
226
628
213
214
215
216
217
218
219
220
221
222
223
224
225
226
628
214
215
216
217
218
219
220
221
222
223
224
225
226
233
627
628
215
216
217
218
219
220
221
222
223
224
225
226
232
233
627
628
216
217
218
219
220
221
222
223
224
225
226
231
232
233
627
628
217
218
219
220
221
222
223
224
225
226
230
231
232
233
627
628
218
219
220
221
222
223
224
225
226
229
230
231
232
233
627
628
219
220
221
222
223
224
225
226
228
229
230
231
232
233
627
628
220
221
222
223
224
225
226
227
228
229
230
231
232
233
627
628
221
222
223
224
225
226
227
228
229
230
231
232
233
239
627
628
222
223
224
225
226
227
228
229
230
231
232
233
238
239
627
628
223
224
225
226
227
228
229
230
231
232
233
237
238
239
627
628
224
225
226
227
228
229
230
231
232
233
236
237
238
239
627
628
225
226
227
228
229
230
231
232
233
235
236
237
238
239
627
628
226
227
228
229
230
231
232
233
235
236
237
238
239
627
628
635
227
228
229
230
231
232
233
234
235
236
237
238
239
627
628
635
228
229
230
231
232
233
234
235
236
237
238
239
622
626
627
628
635
229
230
231
232
233
234
235
236
237
238
239
620
622
626
627
628
635
230
231
232
233
234
235
236
237
238
239
620
621
622
626
627
628
635
231
232
233
234
235
236
237
238
239
620
621
622
623
626
627
628
635
232
233
234
235
236
237
238
239
620
621
622
623
624
626
627
628
635
233
234
235
236
237
238
239
620
621
622
623
624
625
626
627
628
635
234
235
236
237
238
239
619
620
621
622
623
624
625
626
627
628
635
235
236
237
238
239
619
620
621
622
623
624
625
626
627
628
632
635
236
237
238
239
619
620
621
622
623
624
625
626
627
628
632
634
635
237
238
239
619
620
621
622
623
624
625
626
627
628
632
633
634
635
238
239
619
620
621
622
623
624
625
626
627
628
631
632
633
634
635
239
619
620
621
622
623
624
625
626
627
628
630
631
632
633
634
635
619
620
621
622
623
624
625
626
627
628
629
630
631
632
633
634
635
615
615
615
619
629
616
616
616
620
630
617
617
617
622
632
618
618
618
624
634
608
608
608
621
631
604
604
283
604
607
283
283
283
623
633
607
633
605
605
282
605
606
282
282
281
282
625
281
606
281
635
281
282
283
608
615
616
617
618
629
630
631
632
633
634
281
282
283
608
615
616
617
618
629
630
631
632
633
634
281
282
283
608
615
616
617
618
629
630
631
632
633
634
281
282
283
608
615
616
617
618
629
630
631
632
633
634
281
282
283
608
615
616
617
618
629
630
631
632
633
634
281
282
283
608
615
616
617
618
629
630
631
632
633
634
281
282
283
608
615
616
617
618
629
630
631
632
633
634
281
282
283
608
615
616
617
618
629
630
631
632
633
634
281
282
283
608
615
616
617
618
629
630
631
632
633
634
281
282
283
608
615
616
617
618
629
630
631
632
633
634
281
282
283
608
615
616
617
618
629
630
631
632
633
634
282
283
606
608
615
616
617
618
625
629
630
631
632
633
634
635
283
605
606
608
615
616
617
618
625
629
630
631
632
633
634
635
636
604
605
606
607
608
615
616
617
618
623
625
629
630
631
632
633
634
635
636
603
631
602
602
602
603
608
601
629
600
600
600
601
615
599
630
598
598
598
599
616
597
597
326
595
597
326
326
325
326
617
325
595
325
632
594
594
324
594
596
324
324
323
324
618
323
596
323
634
323
324
325
326
598
599
600
601
602
603
604
605
606
607
323
324
325
326
598
599
600
601
602
603
604
605
606
607
323
324
325
326
598
599
600
601
602
603
604
605
606
607
323
324
325
326
598
599
600
601
602
603
604
605
606
607
323
324
325
326
598
599
600
601
602
603
604
605
606
607
323
324
325
326
598
599
600
601
602
603
604
605
606
607
323
324
325
326
598
599
600
601
602
603
604
605
606
607
323
324
325
326
598
599
600
601
602
603
604
605
606
607
323
324
325
326
598
599
600
601
602
603
604
605
606
607
323
324
325
326
598
599
600
601
602
603
604
605
606
607
323
324
325
326
598
599
600
601
602
603
604
605
606
607
324
325
326
596
598
599
600
601
602
603
604
605
606
607
618
634
325
326
594
596
598
599
600
601
602
603
604
605
606
607
614
618
634
326
594
595
596
598
599
600
601
602
603
604
605
606
607
614
617
618
632
634
594
595
596
597
598
599
600
601
602
603
604
605
606
607
614
617
618
632
634
593
599
592
592
592
593
598
591
601
590
590
590
591
600
589
603
588
588
588
589
602
552
589
551
551
551
552
588
550
591
549
549
549
550
590
548
593
547
547
547
548
592
511
548
510
510
510
511
547
509
550
508
508
508
509
549
507
552
506
506
506
507
551
470
507
469
469
469
470
506
468
546
467
467
467
468
543
466
545
465
465
465
466
544
464
509
463
463
463
464
508
462
462
461
462
510
461
511
389
389
464
445
445
445
389
445
463
445
450
451
452
453
454
455
456
457
458
459
460
463
464
396
396
461
446
446
446
396
446
462
446
450
451
452
453
454
455
456
457
458
459
460
461
462
403
403
470
447
447
447
403
447
469
447
450
451
452
453
454
455
456
457
458
459
460
469
470
410
410
468
448
448
448
410
448
467
448
450
451
452
453
454
455
456
457
458
459
460
467
468
417
417
466
449
449
449
417
449
465
449
450
451
452
453
454
455
456
457
458
459
460
465
466
461
462
463
464
465
466
467
468
469
470
502
503
504
505
461
462
463
464
465
466
467
468
469
470
502
503
504
505
461
462
463
464
465
466
467
468
469
470
502
503
504
505
461
462
463
464
465
466
467
468
469
470
502
503
504
505
461
462
463
464
465
466
467
468
469
470
502
503
504
505
461
462
463
464
465
466
467
468
469
470
502
503
504
505
461
462
463
464
465
466
467
468
469
470
502
503
504
505
461
462
463
464
465
466
467
468
469
470
502
503
504
505
461
462
463
464
465
466
467
468
469
470
502
503
504
505
461
462
463
464
465
466
467
468
469
470
502
503
504
505
461
462
463
464
465
466
467
468
469
470
502
503
504
505
435
435
505
444
444
444
435
444
502
444
450
451
452
453
454
455
456
457
458
459
460
502
505
442
442
504
443
443
443
442
443
503
443
450
451
452
453
454
455
456
457
458
459
460
503
504
444
445
446
447
448
449
450
451
452
453
454
455
456
457
458
459
460
503
504
609
445
446
447
448
449
450
451
452
453
454
455
456
457
458
459
460
502
503
504
505
609
446
447
448
449
450
451
452
453
454
455
456
457
458
459
460
463
464
502
503
504
505
609
447
448
449
450
451
452
453
454
455
456
457
458
459
460
461
462
463
464
502
503
504
505
609
448
449
450
451
452
453
454
455
456
457
458
459
460
461
462
463
464
469
470
502
503
504
505
609
449
450
451
452
453
454
455
456
457
458
459
460
461
462
463
464
467
468
469
470
502
503
504
505
609
450
451
452
453
454
455
456
457
458
459
460
461
462
463
464
465
466
467
468
469
470
502
503
504
505
609
451
452
453
454
455
456
457
458
459
460
461
462
463
464
465
466
467
468
469
470
502
503
504
505
609
452
453
454
455
456
457
458
459
460
461
462
463
464
465
466
467
468
469
470
502
503
504
505
609
453
454
455
456
457
458
459
460
461
462
463
464
465
466
467
468
469
470
502
503
504
505
609
454
455
456
457
458
459
460
461
462
463
464
465
466
467
468
469
470
502
503
504
505
609
455
456
457
458
459
460
461
462
463
464
465
466
467
468
469
470
502
503
504
505
609
456
457
458
459
460
461
462
463
464
465
466
467
468
469
470
502
503
504
505
609
457
458
459
460
461
462
463
464
465
466
467
468
469
470
502
503
504
505
609
458
459
460
461
462
463
464
465
466
467
468
469
470
502
503
504
505
609
459
460
461
462
463
464
465
466
467
468
469
470
502
503
504
505
609
460
461
462
463
464
465
466
467
468
469
470
502
503
504
505
609
461
462
463
464
465
466
467
468
469
470
502
503
504
505
609
462
463
464
465
466
467
468
469
470
502
503
504
505
510
511
609
463
464
465
466
467
468
469
470
502
503
504
505
510
511
609
610
464
465
466
467
468
469
470
502
503
504
505
508
510
511
609
610
465
466
467
468
469
470
502
503
504
505
508
509
510
511
609
610
466
467
468
469
470
502
503
504
505
508
509
510
511
544
609
610
467
468
469
470
502
503
504
505
508
509
510
511
544
545
609
610
468
469
470
502
503
504
505
508
509
510
511
543
544
545
609
610
469
470
502
503
504
505
508
509
510
511
543
544
545
546
609
610
470
502
503
504
505
506
508
509
510
511
543
544
545
546
609
610
502
503
504
505
506
507
508
509
510
511
543
544
545
546
609
610
502
502
501
502
505
501
501
500
501
587
500
505
500
585
503
503
499
503
504
499
499
498
499
584
498
504
498
586
498
499
500
501
506
507
508
509
510
511
543
544
545
546
498
499
500
501
506
507
508
509
510
511
543
544
545
546
498
499
500
501
506
507
508
509
510
511
543
544
545
546
498
499
500
501
506
507
508
509
510
511
543
544
545
546
498
499
500
501
506
507
508
509
510
511
543
544
545
546
498
499
500
501
506
507
508
509
510
511
543
544
545
546
498
499
500
501
506
507
508
509
510
511
543
544
545
546
498
499
500
501
506
507
508
509
510
511
543
544
545
546
498
499
500
501
506
507
508
509
510
511
543
544
545
546
498
499
500
501
506
507
508
509
510
511
543
544
545
546
498
499
500
501
506
507
508
509
510
511
543
544
545
546
499
500
501
504
506
507
508
509
510
511
543
544
545
546
584
586
500
501
503
504
506
507
508
509
510
511
543
544
545
546
584
586
611
501
503
504
505
506
507
508
509
510
511
543
544
545
546
584
585
586
587
611
502
503
504
505
506
507
508
509
510
511
543
544
545
546
584
585
586
587
611
503
504
505
506
507
508
509
510
511
543
544
545
546
584
585
586
587
609
610
611
504
505
506
507
508
509
510
511
543
544
545
546
584
585
586
587
609
610
611
505
506
507
508
509
510
511
543
544
545
546
584
585
586
587
609
610
611
506
507
508
509
510
511
543
544
545
546
584
585
586
587
609
610
611
507
508
509
510
511
543
544
545
546
551
584
585
586
587
609
610
611
508
509
510
511
543
544
545
546
551
552
584
585
586
587
609
610
611
509
510
511
543
544
545
546
549
551
552
584
585
586
587
609
610
611
510
511
543
544
545
546
549
550
551
552
584
585
586
587
609
610
611
511
543
544
545
546
547
549
550
551
552
584
585
586
587
609
610
611
543
544
545
546
547
548
549
550
551
552
584
585
586
587
609
610
611
543
543
542
543
546
542
542
541
542
597
541
546
541
595
544
544
540
544
545
540
540
539
540
594
539
545
539
596
539
540
541
542
547
548
549
550
551
552
584
585
586
587
539
540
541
542
547
548
549
550
551
552
584
585
586
587
539
540
541
542
547
548
549
550
551
552
584
585
586
587
539
540
541
542
547
548
549
550
551
552
584
585
586
587
539
540
541
542
547
548
549
550
551
552
584
585
586
587
539
540
541
542
547
548
549
550
551
552
584
585
586
587
539
540
541
542
547
548
549
550
551
552
584
585
586
587
539
540
541
542
547
548
549
550
551
552
584
585
586
587
539
540
541
542
547
548
549
550
551
552
584
585
586
587
539
540
541
542
547
548
549
550
551
552
584
585
586
587
539
540
541
542
547
548
549
550
551
552
584
585
586
587
540
541
542
545
547
548
549
550
551
552
584
585
586
587
594
596
541
542
544
545
547
548
549
550
551
552
584
585
586
587
594
596
612
542
544
545
546
547
548
549
550
551
552
584
585
586
587
594
595
596
597
612
543
544
545
546
547
548
549
550
551
552
584
585
586
587
594
595
596
597
612
544
545
546
547
548
549
550
551
552
584
585
586
587
594
595
596
597
609
610
611
612
545
546
547
548
549
550
551
552
584
585
586
587
594
595
596
597
609
610
611
612
546
547
548
549
550
551
552
584
585
586
587
594
595
596
597
609
610
611
612
547
548
549
550
551
552
584
585
586
587
594
595
596
597
609
610
611
612
548
549
550
551
552
584
585
586
587
592
594
595
596
597
609
610
611
612
549
550
551
552
584
585
586
587
592
593
594
595
596
597
609
610
611
612
550
551
552
584
585
586
587
590
592
593
594
595
596
597
609
610
611
612
551
552
584
585
586
587
590
591
592
593
594
595
596
597
609
610
611
612
552
584
585
586
587
588
590
591
592
593
594
595
596
597
609
610
611
612
584
585
586
587
588
589
590
591
592
593
594
595
596
597
609
610
611
612
587
587
583
585
587
583
583
582
583
604
582
585
582
607
584
584
581
584
586
581
581
580
581
605
580
586
580
606
580
581
582
583
588
589
590
591
592
593
594
595
596
597
580
581
582
583
588
589
590
591
592
593
594
595
596
597
580
581
582
583
588
589
590
591
592
593
594
595
596
597
580
581
582
583
588
589
590
591
592
593
594
595
596
597
580
581
582
583
588
589
590
591
592
593
594
595
596
597
580
581
582
583
588
589
590
591
592
593
594
595
596
597
580
581
582
583
588
589
590
591
592
593
594
595
596
597
580
581
582
583
588
589
590
591
592
593
594
595
596
597
580
581
582
583
588
589
590
591
592
593
594
595
596
597
580
581
582
583
588
589
590
591
592
593
594
595
596
597
580
581
582
583
588
589
590
591
592
593
594
595
596
597
581
582
583
586
588
589
590
591
592
593
594
595
596
597
605
606
582
583
584
586
588
589
590
591
592
593
594
595
596
597
605
606
613
583
584
585
586
588
589
590
591
592
593
594
595
596
597
604
605
606
607
613
584
585
586
587
588
589
590
591
592
593
594
595
596
597
604
605
606
607
613
585
586
587
588
589
590
591
592
593
594
595
596
597
604
605
606
607
609
610
611
612
613
586
587
588
589
590
591
592
593
594
595
596
597
604
605
606
607
609
610
611
612
613
587
588
589
590
591
592
593
594
595
596
597
604
605
606
607
609
610
611
612
613
588
589
590
591
592
593
594
595
596
597
604
605
606
607
609
610
611
612
613
589
590
591
592
593
594
595
596
597
602
604
605
606
607
609
610
611
612
613
590
591
592
593
594
595
596
597
602
603
604
605
606
607
609
610
611
612
613
591
592
593
594
595
596
597
600
602
603
604
605
606
607
609
610
611
612
613
592
593
594
595
596
597
600
601
602
603
604
605
606
607
609
610
611
612
613
593
594
595
596
597
598
600
601
602
603
604
605
606
607
609
610
611
612
613
594
595
596
597
598
599
600
601
602
603
604
605
606
607
609
610
611
612
613
595
596
597
598
599
600
601
602
603
604
605
606
607
609
610
611
612
613
614
617
618
632
634
596
597
598
599
600
601
602
603
604
605
606
607
609
610
611
612
613
614
617
618
632
634
597
598
599
600
601
602
603
604
605
606
607
609
610
611
612
613
614
617
618
632
634
598
599
600
601
602
603
604
605
606
607
609
610
611
612
613
614
617
618
632
634
599
600
601
602
603
604
605
606
607
609
610
611
612
613
614
616
617
618
632
634
600
601
602
603
604
605
606
607
609
610
611
612
613
614
616
617
618
630
632
634
601
602
603
604
605
606
607
609
610
611
612
613
614
615
616
617
618
630
632
634
602
603
604
605
606
607
609
610
611
612
613
614
615
616
617
618
629
630
632
634
603
604
605
606
607
608
609
610
611
612
613
614
615
616
617
618
629
630
632
634
604
605
606
607
608
609
610
611
612
613
614
615
616
617
618
629
630
631
632
634
605
606
607
608
609
610
611
612
613
614
615
616
617
618
623
625
629
630
631
632
633
634
635
636
606
607
608
609
610
611
612
613
614
615
616
617
618
623
625
629
630
631
632
633
634
635
636
607
608
609
610
611
612
613
614
615
616
617
618
623
625
629
630
631
632
633
634
635
636
608
609
610
611
612
613
614
615
616
617
618
623
625
629
630
631
632
633
634
635
636
609
610
611
612
613
614
615
616
617
618
621
623
625
629
630
631
632
633
634
635
636
610
611
612
613
614
615
616
617
618
619
620
621
622
623
624
625
626
627
628
629
630
631
632
633
634
635
636
611
612
613
614
615
616
617
618
619
620
621
622
623
624
625
626
627
628
629
630
631
632
633
634
635
636
612
613
614
615
616
617
618
619
620
621
622
623
624
625
626
627
628
629
630
631
632
633
634
635
636
613
614
615
616
617
618
619
620
621
622
623
624
625
626
627
628
629
630
631
632
633
634
635
636
614
615
616
617
618
619
620
621
622
623
624
625
626
627
628
629
630
631
632
633
634
635
636
615
616
617
618
619
620
621
622
623
624
625
626
627
628
629
630
631
632
633
634
635
636
616
617
618
619
620
621
622
623
624
625
626
627
628
629
630
631
632
633
634
635
636
617
618
619
620
621
622
623
624
625
626
627
628
629
630
631
632
633
634
635
636
618
619
620
621
622
623
624
625
626
627
628
629
630
631
632
633
634
635
636
619
620
621
622
623
624
625
626
627
628
629
630
631
632
633
634
635
636
620
621
622
623
624
625
626
627
628
629
630
631
632
633
634
635
636
621
622
623
624
625
626
627
628
629
630
631
632
633
634
635
636
622
623
624
625
626
627
628
629
630
631
632
633
634
635
636
623
624
625
626
627
628
629
630
631
632
633
634
635
636
624
625
626
627
628
629
630
631
632
633
634
635
636
625
626
627
628
629
630
631
632
633
634
635
636
626
627
628
629
630
631
632
633
634
635
636
627
628
629
630
631
632
633
634
635
636
628
629
630
631
632
633
634
635
636
629
630
631
632
633
634
635
636
630
631
632
633
634
635
636
631
632
633
634
635
636
632
633
634
635
636
633
634
635
636
634
635
636
635
636
636
