0
1
2
3
4
5
6
7
8
9
10
11
13
14
15
16
17
18
20
22
24
27
30
31
32
34
37
41
46
51
56
57
58
59
60
61
62
64
67
68
69
71
74
78
83
88
95
96
97
98
99
100
101
103
106
107
108
110
113
117
122
127
128
129
130
131
132
134
137
138
139
140
142
144
146
148
151
155
160
165
170
177
188
205
207
209
211
213
215
217
218
219
222
236
250
264
278
292
306
320
334
348
362
376
377
378
381
382
383
386
387
388
391
392
393
396
397
398
401
402
403
406
408
410
412
414
416
418
420
421
422
425
439
453
467
481
495
509
523
537
551
565
579
580
581
584
585
586
589
590
591
594
595
596
599
600
601
604
605
606
609
611
613
615
617
619
621
622
623
626
627
628
631
632
633
636
637
638
641
642
643
646
647
648
651
660
670
681
693
706
720
722
723
724
727
741
766
790
813
835
856
876
895
913
930
946
961
976
991
1006
1021
1036
1051
1066
1082
1098
1114
1130
1146
1162
1178
1194
1210
1226
1242
1258
1274
1290
1307
1324
1341
1358
1375
1392
1409
1426
1443
1460
1477
1494
1511
1512
1513
1516
1517
1518
1521
1522
1523
1526
1527
1528
1531
1532
1533
1536
1537
1538
1541
1542
1543
1546
1548
1549
1550
1553
1554
1555
1558
1560
1562
1576
1590
1604
1618
1632
1646
1660
1674
1688
1702
1716
1732
1749
1768
1770
1771
1772
1775
1777
1778
1779
1782
1784
1785
1786
1789
1790
1791
1794
1795
1796
1799
1801
1803
1804
1805
1808
1809
1810
1813
1815
1817
1831
1845
1859
1873
1887
1901
1915
1929
1943
1957
1971
1987
2004
2023
2042
2044
2045
2046
2049
2051
2052
2053
2056
2058
2059
2060
2063
2065
2066
2067
2070
2072
2073
2074
2077
2079
2080
2081
2084
2086
2087
2088
2091
2093
2094
2095
2098
2100
2101
2102
2105
2107
2108
2109
2112
2114
2115
2116
2119
2121
2122
2123
2126
2128
2129
2130
2133
2134
2135
2138
2140
2141
2143
2144
2145
2146
2149
2163
2164
2166
2167
2168
2169
2172
2186
2187
2189
2190
2191
2192
2195
2209
2210
2212
2213
2214
2215
2218
2232
2233
2235
2236
2237
2238
2241
2255
2269
2283
2297
2311
2325
2339
2353
2367
2381
2395
2409
2410
2412
2413
2414
2415
2418
2432
2433
2435
2436
2437
2438
2441
2455
2475
2496
2518
2541
2565
2590
2616
2641
2665
2688
2710
2731
2751
2770
2788
2805
2821
2836
2852
2868
2884
2900
2916
2932
2948
2964
2980
2996
2997
2998
3001
3002
3003
3006
3008
3010
3011
3012
3015
3016
3017
3020
3022
3024
3038
3052
3066
3080
3094
3108
3122
3136
3150
3164
3178
3194
3211
3230
3249
3269
3288
3306
3323
3340
3357
3374
3391
3408
3425
3426
3427
3430
3431
3432
3435
3437
3439
3440
3441
3444
3445
3446
3449
3451
3453
3467
3481
3495
3509
3523
3537
3551
3565
3579
3593
3607
3623
3640
3659
3678
3699
3719
3738
3756
3774
3792
3810
3828
3846
3864
3865
3866
3869
3870
3871
3874
3876
3878
3879
3880
3883
3884
3885
3888
3890
3892
3906
3920
3934
3948
3962
3976
3990
4004
4018
4032
4046
4062
4079
4098
4117
4139
4160
4180
4199
4218
4237
4256
4275
4294
4313
4336
4358
4379
4399
4419
4439
4459
4479
4499
4519
4543
4566
4588
4609
4630
4657
4683
4708
4732
4755
4777
4798
4818
4837
4855
4872
4888
4903
4917
4930
4942
4953
4963
4972
4980
4987
4993
4998
5002
5005
5007
5008
5008
5008
5008
5008
5008
5008
5008
5008
5008
5008
5008
5008
5008
5008
5008
5008
5008
5008
5008
5008
5008
5008
