0
1
2
3
4
5
6
7
8
9
10
11
26
41
56
71
86
101
116
131
146
161
176
191
206
221
236
251
266
281
296
311
326
341
356
371
386
401
416
431
446
461
476
491
506
521
536
551
566
581
596
611
626
641
656
671
686
701
716
731
746
761
776
791
806
821
836
851
866
881
896
911
926
941
956
971
986
1001
1016
1031
1046
1061
1076
1091
1106
1121
1136
1151
1166
1181
1196
1211
1226
1241
1256
1271
1286
1301
1316
1331
1346
1361
1376
1391
1406
1421
1436
1451
1466
1481
1496
1511
1526
1541
1556
1571
1586
1601
1616
1631
1646
1661
1662
1665
1668
1671
1674
1677
1680
1683
1684
1687
1690
1693
1696
1699
1702
1705
1706
1709
1712
1715
1718
1721
1724
1727
1728
1731
1734
1737
1740
1743
1746
1749
1750
1753
1756
1759
1762
1765
1768
1771
1772
1775
1778
1781
1784
1787
1790
1793
1794
1797
1800
1803
1806
1809
1812
1815
1816
1819
1822
1825
1828
1831
1834
1837
1838
1841
1844
1847
1850
1853
1856
1859
1860
1862
1864
1866
1868
1870
1872
1874
1876
1878
1880
1882
1884
1886
1888
1890
1892
1894
1896
1898
1900
1902
1904
1906
1908
1910
1912
1914
1916
1918
1920
1922
1924
1926
1928
1930
1932
1934
1936
1938
1940
1942
1944
1946
1948
1950
1952
1954
1956
1958
1960
1962
1964
1966
1968
1970
1972
1974
1976
1978
1980
1982
1984
1986
1988
1990
1992
1994
1996
1998
2000
2002
2004
2006
2008
2010
2012
2014
2016
2018
2020
2022
2024
2026
2028
2030
2032
2034
2036
2038
2040
2042
2044
2046
2048
2050
2052
2054
2056
2058
2060
2062
2064
2066
2068
2070
2072
2074
2076
2078
2080
2082
2084
2086
2088
2090
2092
2094
2096
2098
2100
2102
2104
2106
2108
2110
2112
2114
2116
2118
2120
2122
2124
2126
2128
2130
2132
2134
2136
2138
2140
2142
2144
2146
2148
2150
2152
2154
2156
2158
2160
2162
2164
2166
2168
2170
2172
2174
2176
2178
2180
2182
2184
2186
2188
2190
2192
2194
2196
2198
2200
2202
2204
2206
2208
2210
2212
2214
2216
2218
2220
2222
2224
2226
2228
2230
2232
2236
2241
2245
2249
2253
2257
2261
2265
2269
2273
2278
2282
2286
2290
2294
2298
2302
2306
2310
2315
2319
2323
2327
2331
2335
2339
2343
2347
2352
2356
2360
2364
2368
2372
2376
2380
2384
2389
2393
2397
2401
2405
2409
2413
2417
2421
2426
2430
2434
2438
2442
2446
2450
2454
2458
2463
2467
2471
2475
2479
2483
2487
2491
2495
2500
2504
2508
2512
2516
2520
2524
2528
2532
2537
2541
2545
2549
2553
2557
2561
2565
2569
2574
2578
2582
2586
2590
2594
2598
2602
2604
2606
2608
2610
2612
2614
2616
2618
2620
2621
2623
2625
2627
2629
2631
2633
2635
2636
2638
2640
2642
2644
2646
2648
2650
2651
2653
2655
2657
2659
2661
2663
2665
2666
2668
2670
2672
2674
2676
2678
2680
2681
2683
2685
2687
2689
2691
2693
2695
2696
2698
2700
2702
2704
2706
2708
2710
2711
2713
2715
2717
2719
2721
2723
2725
2726
2728
2730
2732
2734
2736
2738
2740
2741
2743
2745
2747
2749
2751
2753
2755
2756
2757
2758
2759
2760
2761
2762
2763
2764
2772
2779
2785
2790
2794
2797
2799
2800
2801
2809
2816
2822
2827
2831
2834
2836
2837
2838
2846
2853
2859
2864
2868
2871
2873
2874
2875
2883
2890
2896
2901
2905
2908
2910
2911
2912
2920
2927
2933
2938
2942
2945
2947
2948
2949
2957
2964
2970
2975
2979
2982
2984
2985
2986
2994
3001
3007
3012
3016
3019
3021
3022
3023
3031
3038
3044
3049
3053
3056
3058
3059
3060
3068
3075
3081
3086
3090
3093
3095
3096
3097
3105
3112
3118
3123
3127
3130
3132
3133
3134
3142
3149
3155
3160
3164
3167
3169
3170
