0
1
2
3
4
5
6
7
8
9
10
11
12
13
14
15
16
17
18
19
20
21
22
23
24
25
26
27
28
29
30
31
32
33
34
35
36
37
38
39
40
41
42
43
44
45
46
47
48
49
50
51
52
53
54
55
56
57
58
59
60
61
62
63
64
65
66
67
68
69
70
71
72
73
74
75
76
77
78
79
80
81
82
83
84
85
86
87
88
89
90
91
92
93
94
95
96
97
98
99
100
101
102
103
104
105
106
107
108
109
110
111
112
113
114
115
116
117
118
119
120
121
122
123
124
125
126
127
128
129
130
131
132
133
134
135
136
137
138
139
140
141
142
143
144
145
146
147
148
149
150
151
152
153
154
155
156
157
158
159
160
161
162
163
164
165
166
167
168
169
170
171
172
173
174
175
176
177
178
179
180
181
182
183
184
185
186
187
188
189
190
191
192
193
194
195
196
197
198
199
200
201
202
203
204
205
206
207
208
209
210
211
212
213
214
215
216
217
218
219
220
221
222
223
224
225
226
227
228
229
230
231
232
233
234
235
236
237
238
239
240
241
242
243
244
245
246
247
248
249
250
251
252
253
254
255
256
257
258
259
260
261
262
263
264
265
266
267
268
269
270
271
272
273
274
275
276
277
278
279
280
281
282
283
284
285
286
287
288
289
290
291
292
293
294
295
296
297
298
299
300
301
302
303
304
305
306
307
308
309
310
311
312
313
314
315
316
317
318
319
320
321
322
323
324
325
326
327
328
329
330
331
332
333
334
335
336
337
338
339
340
341
342
343
344
345
346
347
348
349
350
351
352
353
354
355
356
357
358
359
360
361
362
363
364
365
366
367
368
369
370
371
372
373
374
375
376
377
378
379
380
381
382
383
384
385
386
387
388
389
390
391
392
393
394
395
396
397
398
399
400
401
402
403
404
405
406
407
408
409
410
411
412
413
414
415
416
417
418
419
420
421
422
423
424
425
426
427
428
429
430
431
432
433
434
435
436
437
438
439
440
441
442
443
444
445
446
447
448
449
450
451
452
453
454
455
456
457
458
459
460
461
462
463
464
465
466
467
468
469
470
471
472
473
474
475
476
477
478
380,381,479
11,12,13,14,15,16,17,18,19,20,21,122,382,480
11,12,13,14,15,16,17,18,19,20,21,123,383,480,481
11,12,13,14,15,16,17,18,19,20,21,124,384,480,481,482
11,12,13,14,15,16,17,18,19,20,21,125,385,480,481,482,483
11,12,13,14,15,16,17,18,19,20,21,126,386,480,481,482,483,484
11,12,13,14,15,16,17,18,19,20,21,127,387,480,481,482,483,484,485
11,12,13,14,15,16,17,18,19,20,21,128,388,480,481,482,483,484,485,486
389,390,487
22,23,24,25,26,27,28,29,30,31,32,122,130,391,480,481,482,483,484,485,486,488
22,23,24,25,26,27,28,29,30,31,32,123,131,392,481,482,483,484,485,486,488,489
22,23,24,25,26,27,28,29,30,31,32,124,132,393,482,483,484,485,486,488,489,490
22,23,24,25,26,27,28,29,30,31,32,125,133,394,483,484,485,486,488,489,490,491
22,23,24,25,26,27,28,29,30,31,32,126,134,395,484,485,486,488,489,490,491,492
22,23,24,25,26,27,28,29,30,31,32,127,135,396,485,486,488,489,490,491,492,493
22,23,24,25,26,27,28,29,30,31,32,128,136,397,486,488,489,490,491,492,493,494
398,399,495
33,34,35,36,37,38,39,40,41,42,43,130,138,400,488,489,490,491,492,493,494,496
33,34,35,36,37,38,39,40,41,42,43,131,139,401,489,490,491,492,493,494,496,497
33,34,35,36,37,38,39,40,41,42,43,132,140,402,490,491,492,493,494,496,497,498
33,34,35,36,37,38,39,40,41,42,43,133,141,403,491,492,493,494,496,497,498,499
33,34,35,36,37,38,39,40,41,42,43,134,142,404,492,493,494,496,497,498,499,500
33,34,35,36,37,38,39,40,41,42,43,135,143,405,493,494,496,497,498,499,500,501
33,34,35,36,37,38,39,40,41,42,43,136,144,406,494,496,497,498,499,500,501,502
407,408,503
44,45,46,47,48,49,50,51,52,53,54,138,146,409,496,497,498,499,500,501,502,504
44,45,46,47,48,49,50,51,52,53,54,139,147,410,497,498,499,500,501,502,504,505
44,45,46,47,48,49,50,51,52,53,54,140,148,411,498,499,500,501,502,504,505,506
44,45,46,47,48,49,50,51,52,53,54,141,149,412,499,500,501,502,504,505,506,507
44,45,46,47,48,49,50,51,52,53,54,142,150,413,500,501,502,504,505,506,507,508
44,45,46,47,48,49,50,51,52,53,54,143,151,414,501,502,504,505,506,507,508,509
44,45,46,47,48,49,50,51,52,53,54,144,152,415,502,504,505,506,507,508,509,510
416,417,511
55,56,57,58,59,60,61,62,63,64,65,146,154,418,504,505,506,507,508,509,510,512
55,56,57,58,59,60,61,62,63,64,65,147,155,419,505,506,507,508,509,510,512,513
55,56,57,58,59,60,61,62,63,64,65,148,156,420,506,507,508,509,510,512,513,514
55,56,57,58,59,60,61,62,63,64,65,149,157,421,507,508,509,510,512,513,514,515
55,56,57,58,59,60,61,62,63,64,65,150,158,422,508,509,510,512,513,514,515,516
55,56,57,58,59,60,61,62,63,64,65,151,159,423,509,510,512,513,514,515,516,517
55,56,57,58,59,60,61,62,63,64,65,152,160,424,510,512,513,514,515,516,517,518
425,426,519
66,67,68,69,70,71,72,73,74,75,76,154,162,427,512,513,514,515,516,517,518,520
66,67,68,69,70,71,72,73,74,75,76,155,163,428,513,514,515,516,517,518,520,521
66,67,68,69,70,71,72,73,74,75,76,156,164,429,514,515,516,517,518,520,521,522
66,67,68,69,70,71,72,73,74,75,76,157,165,430,515,516,517,518,520,521,522,523
66,67,68,69,70,71,72,73,74,75,76,158,166,431,516,517,518,520,521,522,523,524
66,67,68,69,70,71,72,73,74,75,76,159,167,432,517,518,520,521,522,523,524,525
66,67,68,69,70,71,72,73,74,75,76,160,168,433,518,520,521,522,523,524,525,526
434,435,527
77,78,79,80,81,82,83,84,85,86,87,162,170,436,520,521,522,523,524,525,526,528
77,78,79,80,81,82,83,84,85,86,87,163,171,437,521,522,523,524,525,526,528,529
77,78,79,80,81,82,83,84,85,86,87,164,172,438,522,523,524,525,526,528,529,530
77,78,79,80,81,82,83,84,85,86,87,165,173,439,523,524,525,526,528,529,530,531
77,78,79,80,81,82,83,84,85,86,87,166,174,440,524,525,526,528,529,530,531,532
77,78,79,80,81,82,83,84,85,86,87,167,175,441,525,526,528,529,530,531,532,533
77,78,79,80,81,82,83,84,85,86,87,168,176,442,526,528,529,530,531,532,533,534
443,444,535
88,89,90,91,92,93,94,95,96,97,98,170,178,445,528,529,530,531,532,533,534,536
88,89,90,91,92,93,94,95,96,97,98,171,179,446,529,530,531,532,533,534,536,537
88,89,90,91,92,93,94,95,96,97,98,172,180,447,530,531,532,533,534,536,537,538
88,89,90,91,92,93,94,95,96,97,98,173,181,448,531,532,533,534,536,537,538,539
88,89,90,91,92,93,94,95,96,97,98,174,182,449,532,533,534,536,537,538,539,540
88,89,90,91,92,93,94,95,96,97,98,175,183,450,533,534,536,537,538,539,540,541
88,89,90,91,92,93,94,95,96,97,98,176,184,451,534,536,537,538,539,540,541,542
452,453,543
99,100,101,102,103,104,105,106,107,108,109,178,186,454,536,537,538,539,540,541,542,544
99,100,101,102,103,104,105,106,107,108,109,179,187,455,537,538,539,540,541,542,544,545
99,100,101,102,103,104,105,106,107,108,109,180,188,456,538,539,540,541,542,544,545,546
99,100,101,102,103,104,105,106,107,108,109,181,189,457,539,540,541,542,544,545,546,547
99,100,101,102,103,104,105,106,107,108,109,182,190,458,540,541,542,544,545,546,547,548
99,100,101,102,103,104,105,106,107,108,109,183,191,459,541,542,544,545,546,547,548,549
99,100,101,102,103,104,105,106,107,108,109,184,192,460,542,544,545,546,547,548,549,550
461,462,551
110,111,112,113,114,115,116,117,118,119,120,186,194,463,544,545,546,547,548,549,550,552
110,111,112,113,114,115,116,117,118,119,120,187,195,464,545,546,547,548,549,550,552,553
110,111,112,113,114,115,116,117,118,119,120,188,196,465,546,547,548,549,550,552,553,554
110,111,112,113,114,115,116,117,118,119,120,189,197,466,547,548,549,550,552,553,554,555
110,111,112,113,114,115,116,117,118,119,120,190,198,467,548,549,550,552,553,554,555,556
110,111,112,113,114,115,116,117,118,119,120,191,199,468,549,550,552,553,554,555,556,557
110,111,112,113,114,115,116,117,118,119,120,192,200,469,550,552,553,554,555,556,557,558
281,380,479,559
282,381,479,559,560
283,382,480,481,482,483,484,485,486,488,489,490,491,492,493,494,496,497,498,499,500,501,502,504,505,506,507,508,509,510,512,513,514,515,516,517,518,520,521,522,523,524,525,526,528,529,530,531,532,533,534,536,537,538,539,540,541,542,544,545,546,547,548,549,550,552,553,554,555,556,557,558,560,561
284,383,481,482,483,484,485,486,488,489,490,491,492,493,494,496,497,498,499,500,501,502,504,505,506,507,508,509,510,512,513,514,515,516,517,518,520,521,522,523,524,525,526,528,529,530,531,532,533,534,536,537,538,539,540,541,542,544,545,546,547,548,549,550,552,553,554,555,556,557,558,560,561,562
285,384,482,483,484,485,486,488,489,490,491,492,493,494,496,497,498,499,500,501,502,504,505,506,507,508,509,510,512,513,514,515,516,517,518,520,521,522,523,524,525,526,528,529,530,531,532,533,534,536,537,538,539,540,541,542,544,545,546,547,548,549,550,552,553,554,555,556,557,558,560,561,562,563
286,385,483,484,485,486,488,489,490,491,492,493,494,496,497,498,499,500,501,502,504,505,506,507,508,509,510,512,513,514,515,516,517,518,520,521,522,523,524,525,526,528,529,530,531,532,533,534,536,537,538,539,540,541,542,544,545,546,547,548,549,550,552,553,554,555,556,557,558,560,561,562,563,564
287,386,484,485,486,488,489,490,491,492,493,494,496,497,498,499,500,501,502,504,505,506,507,508,509,510,512,513,514,515,516,517,518,520,521,522,523,524,525,526,528,529,530,531,532,533,534,536,537,538,539,540,541,542,544,545,546,547,548,549,550,552,553,554,555,556,557,558,560,561,562,563,564,565
288,387,485,486,488,489,490,491,492,493,494,496,497,498,499,500,501,502,504,505,506,507,508,509,510,512,513,514,515,516,517,518,520,521,522,523,524,525,526,528,529,530,531,532,533,534,536,537,538,539,540,541,542,544,545,546,547,548,549,550,552,553,554,555,556,557,558,560,561,562,563,564,565,566
289,388,486,488,489,490,491,492,493,494,496,497,498,499,500,501,502,504,505,506,507,508,509,510,512,513,514,515,516,517,518,520,521,522,523,524,525,526,528,529,530,531,532,533,534,536,537,538,539,540,541,542,544,545,546,547,548,549,550,552,553,554,555,556,557,558,560,561,562,563,564,565,566,567
290,380,381,389,479,487,559,560,561,562,563,564,565,566,567,568
291,381,390,479,487,559,560,561,562,563,564,565,566,567,568,569
11,12,13,14,15,16,17,18,19,20,21,292,382,391,480,481,482,483,484,485,486,488,489,490,491,492,493,494,496,497,498,499,500,501,502,504,505,506,507,508,509,510,512,513,514,515,516,517,518,520,521,522,523,524,525,526,528,529,530,531,532,533,534,536,537,538,539,540,541,542,544,545,546,547,548,549,550,552,553,554,555,556,557,558,561,562,563,564,565,566,567,568,569,570
11,12,13,14,15,16,17,18,19,20,21,293,383,392,480,481,482,483,484,485,486,488,489,490,491,492,493,494,496,497,498,499,500,501,502,504,505,506,507,508,509,510,512,513,514,515,516,517,518,520,521,522,523,524,525,526,528,529,530,531,532,533,534,536,537,538,539,540,541,542,544,545,546,547,548,549,550,552,553,554,555,556,557,558,561,562,563,564,565,566,567,568,569,570,571
11,12,13,14,15,16,17,18,19,20,21,294,384,393,480,481,482,483,484,485,486,488,489,490,491,492,493,494,496,497,498,499,500,501,502,504,505,506,507,508,509,510,512,513,514,515,516,517,518,520,521,522,523,524,525,526,528,529,530,531,532,533,534,536,537,538,539,540,541,542,544,545,546,547,548,549,550,552,553,554,555,556,557,558,561,562,563,564,565,566,567,568,569,570,571,572
11,12,13,14,15,16,17,18,19,20,21,295,385,394,480,481,482,483,484,485,486,488,489,490,491,492,493,494,496,497,498,499,500,501,502,504,505,506,507,508,509,510,512,513,514,515,516,517,518,520,521,522,523,524,525,526,528,529,530,531,532,533,534,536,537,538,539,540,541,542,544,545,546,547,548,549,550,552,553,554,555,556,557,558,561,562,563,564,565,566,567,568,569,570,571,572,573
11,12,13,14,15,16,17,18,19,20,21,296,386,395,480,481,482,483,484,485,486,488,489,490,491,492,493,494,496,497,498,499,500,501,502,504,505,506,507,508,509,510,512,513,514,515,516,517,518,520,521,522,523,524,525,526,528,529,530,531,532,533,534,536,537,538,539,540,541,542,544,545,546,547,548,549,550,552,553,554,555,556,557,558,561,562,563,564,565,566,567,568,569,570,571,572,573,574
11,12,13,14,15,16,17,18,19,20,21,297,387,396,480,481,482,483,484,485,486,488,489,490,491,492,493,494,496,497,498,499,500,501,502,504,505,506,507,508,509,510,512,513,514,515,516,517,518,520,521,522,523,524,525,526,528,529,530,531,532,533,534,536,537,538,539,540,541,542,544,545,546,547,548,549,550,552,553,554,555,556,557,558,561,562,563,564,565,566,567,568,569,570,571,572,573,574,575
11,12,13,14,15,16,17,18,19,20,21,298,388,397,480,481,482,483,484,485,486,488,489,490,491,492,493,494,496,497,498,499,500,501,502,504,505,506,507,508,509,510,512,513,514,515,516,517,518,520,521,522,523,524,525,526,528,529,530,531,532,533,534,536,537,538,539,540,541,542,544,545,546,547,548,549,550,552,553,554,555,556,557,558,561,562,563,564,565,566,567,568,569,570,571,572,573,574,575,576
299,389,390,398,487,495,568,569,570,571,572,573,574,575,576,577
201,300,390,399,487,495,568,569,570,571,572,573,574,575,576,577,578
22,23,24,25,26,27,28,29,30,31,32,202,301,391,400,488,489,490,491,492,493,494,496,497,498,499,500,501,502,504,505,506,507,508,509,510,512,513,514,515,516,517,518,520,521,522,523,524,525,526,528,529,530,531,532,533,534,536,537,538,539,540,541,542,544,545,546,547,548,549,550,552,553,554,555,556,557,558,561,562,563,564,565,566,567,568,569,570,571,572,573,574,575,576,577,578,579
22,23,24,25,26,27,28,29,30,31,32,203,302,392,401,488,489,490,491,492,493,494,496,497,498,499,500,501,502,504,505,506,507,508,509,510,512,513,514,515,516,517,518,520,521,522,523,524,525,526,528,529,530,531,532,533,534,536,537,538,539,540,541,542,544,545,546,547,548,549,550,552,553,554,555,556,557,558,561,562,563,564,565,566,567,568,569,570,571,572,573,574,575,576,577,578,579,580
22,23,24,25,26,27,28,29,30,31,32,204,303,393,402,488,489,490,491,492,493,494,496,497,498,499,500,501,502,504,505,506,507,508,509,510,512,513,514,515,516,517,518,520,521,522,523,524,525,526,528,529,530,531,532,533,534,536,537,538,539,540,541,542,544,545,546,547,548,549,550,552,553,554,555,556,557,558,561,562,563,564,565,566,567,568,569,570,571,572,573,574,575,576,577,578,579,580,581
22,23,24,25,26,27,28,29,30,31,32,205,304,394,403,488,489,490,491,492,493,494,496,497,498,499,500,501,502,504,505,506,507,508,509,510,512,513,514,515,516,517,518,520,521,522,523,524,525,526,528,529,530,531,532,533,534,536,537,538,539,540,541,542,544,545,546,547,548,549,550,552,553,554,555,556,557,558,561,562,563,564,565,566,567,568,569,570,571,572,573,574,575,576,577,578,579,580,581,582
22,23,24,25,26,27,28,29,30,31,32,206,305,395,404,488,489,490,491,492,493,494,496,497,498,499,500,501,502,504,505,506,507,508,509,510,512,513,514,515,516,517,518,520,521,522,523,524,525,526,528,529,530,531,532,533,534,536,537,538,539,540,541,542,544,545,546,547,548,549,550,552,553,554,555,556,557,558,561,562,563,564,565,566,567,568,569,570,571,572,573,574,575,576,577,578,579,580,581,582,583
22,23,24,25,26,27,28,29,30,31,32,207,306,396,405,488,489,490,491,492,493,494,496,497,498,499,500,501,502,504,505,506,507,508,509,510,512,513,514,515,516,517,518,520,521,522,523,524,525,526,528,529,530,531,532,533,534,536,537,538,539,540,541,542,544,545,546,547,548,549,550,552,553,554,555,556,557,558,561,562,563,564,565,566,567,568,569,570,571,572,573,574,575,576,577,578,579,580,581,582,583,584
22,23,24,25,26,27,28,29,30,31,32,208,307,397,406,488,489,490,491,492,493,494,496,497,498,499,500,501,502,504,505,506,507,508,509,510,512,513,514,515,516,517,518,520,521,522,523,524,525,526,528,529,530,531,532,533,534,536,537,538,539,540,541,542,544,545,546,547,548,549,550,552,553,554,555,556,557,558,561,562,563,564,565,566,567,568,569,570,571,572,573,574,575,576,577,578,579,580,581,582,583,584,585
209,308,398,399,407,495,503,577,578,579,580,581,582,583,584,585,586
210,309,399,408,495,503,577,578,579,580,581,582,583,584,585,586,587
33,34,35,36,37,38,39,40,41,42,43,211,310,400,409,496,497,498,499,500,501,502,504,505,506,507,508,509,510,512,513,514,515,516,517,518,520,521,522,523,524,525,526,528,529,530,531,532,533,534,536,537,538,539,540,541,542,544,545,546,547,548,549,550,552,553,554,555,556,557,558,561,562,563,564,565,566,567,568,569,570,571,572,573,574,575,576,577,578,579,580,581,582,583,584,585,586,587,588
33,34,35,36,37,38,39,40,41,42,43,212,311,401,410,496,497,498,499,500,501,502,504,505,506,507,508,509,510,512,513,514,515,516,517,518,520,521,522,523,524,525,526,528,529,530,531,532,533,534,536,537,538,539,540,541,542,544,545,546,547,548,549,550,552,553,554,555,556,557,558,561,562,563,564,565,566,567,568,569,570,571,572,573,574,575,576,577,578,579,580,581,582,583,584,585,586,587,588,589
33,34,35,36,37,38,39,40,41,42,43,213,312,402,411,496,497,498,499,500,501,502,504,505,506,507,508,509,510,512,513,514,515,516,517,518,520,521,522,523,524,525,526,528,529,530,531,532,533,534,536,537,538,539,540,541,542,544,545,546,547,548,549,550,552,553,554,555,556,557,558,561,562,563,564,565,566,567,568,569,570,571,572,573,574,575,576,577,578,579,580,581,582,583,584,585,586,587,588,589,590
33,34,35,36,37,38,39,40,41,42,43,214,313,403,412,496,497,498,499,500,501,502,504,505,506,507,508,509,510,512,513,514,515,516,517,518,520,521,522,523,524,525,526,528,529,530,531,532,533,534,536,537,538,539,540,541,542,544,545,546,547,548,549,550,552,553,554,555,556,557,558,561,562,563,564,565,566,567,568,569,570,571,572,573,574,575,576,577,578,579,580,581,582,583,584,585,586,587,588,589,590,591
33,34,35,36,37,38,39,40,41,42,43,215,314,404,413,496,497,498,499,500,501,502,504,505,506,507,508,509,510,512,513,514,515,516,517,518,520,521,522,523,524,525,526,528,529,530,531,532,533,534,536,537,538,539,540,541,542,544,545,546,547,548,549,550,552,553,554,555,556,557,558,561,562,563,564,565,566,567,568,569,570,571,572,573,574,575,576,577,578,579,580,581,582,583,584,585,586,587,588,589,590,591,592
33,34,35,36,37,38,39,40,41,42,43,216,315,405,414,496,497,498,499,500,501,502,504,505,506,507,508,509,510,512,513,514,515,516,517,518,520,521,522,523,524,525,526,528,529,530,531,532,533,534,536,537,538,539,540,541,542,544,545,546,547,548,549,550,552,553,554,555,556,557,558,561,562,563,564,565,566,567,568,569,570,571,572,573,574,575,576,577,578,579,580,581,582,583,584,585,586,587,588,589,590,591,592,593
33,34,35,36,37,38,39,40,41,42,43,217,316,406,415,496,497,498,499,500,501,502,504,505,506,507,508,509,510,512,513,514,515,516,517,518,520,521,522,523,524,525,526,528,529,530,531,532,533,534,536,537,538,539,540,541,542,544,545,546,547,548,549,550,552,553,554,555,556,557,558,561,562,563,564,565,566,567,568,569,570,571,572,573,574,575,576,577,578,579,580,581,582,583,584,585,586,587,588,589,590,591,592,593,594
218,317,407,408,416,503,511,586,587,588,589,590,591,592,593,594,595
219,318,408,417,503,511,586,587,588,589,590,591,592,593,594,595,596
44,45,46,47,48,49,50,51,52,53,54,220,319,409,418,504,505,506,507,508,509,510,512,513,514,515,516,517,518,520,521,522,523,524,525,526,528,529,530,531,532,533,534,536,537,538,539,540,541,542,544,545,546,547,548,549,550,552,553,554,555,556,557,558,561,562,563,564,565,566,567,568,569,570,571,572,573,574,575,576,577,578,579,580,581,582,583,584,585,586,587,588,589,590,591,592,593,594,595,596,597
44,45,46,47,48,49,50,51,52,53,54,221,320,410,419,504,505,506,507,508,509,510,512,513,514,515,516,517,518,520,521,522,523,524,525,526,528,529,530,531,532,533,534,536,537,538,539,540,541,542,544,545,546,547,548,549,550,552,553,554,555,556,557,558,561,562,563,564,565,566,567,568,569,570,571,572,573,574,575,576,577,578,579,580,581,582,583,584,585,586,587,588,589,590,591,592,593,594,595,596,597,598
44,45,46,47,48,49,50,51,52,53,54,222,321,411,420,504,505,506,507,508,509,510,512,513,514,515,516,517,518,520,521,522,523,524,525,526,528,529,530,531,532,533,534,536,537,538,539,540,541,542,544,545,546,547,548,549,550,552,553,554,555,556,557,558,561,562,563,564,565,566,567,568,569,570,571,572,573,574,575,576,577,578,579,580,581,582,583,584,585,586,587,588,589,590,591,592,593,594,595,596,597,598,599
44,45,46,47,48,49,50,51,52,53,54,223,322,412,421,504,505,506,507,508,509,510,512,513,514,515,516,517,518,520,521,522,523,524,525,526,528,529,530,531,532,533,534,536,537,538,539,540,541,542,544,545,546,547,548,549,550,552,553,554,555,556,557,558,561,562,563,564,565,566,567,568,569,570,571,572,573,574,575,576,577,578,579,580,581,582,583,584,585,586,587,588,589,590,591,592,593,594,595,596,597,598,599,600
44,45,46,47,48,49,50,51,52,53,54,224,323,413,422,504,505,506,507,508,509,510,512,513,514,515,516,517,518,520,521,522,523,524,525,526,528,529,530,531,532,533,534,536,537,538,539,540,541,542,544,545,546,547,548,549,550,552,553,554,555,556,557,558,561,562,563,564,565,566,567,568,569,570,571,572,573,574,575,576,577,578,579,580,581,582,583,584,585,586,587,588,589,590,591,592,593,594,595,596,597,598,599,600,601
44,45,46,47,48,49,50,51,52,53,54,225,324,414,423,504,505,506,507,508,509,510,512,513,514,515,516,517,518,520,521,522,523,524,525,526,528,529,530,531,532,533,534,536,537,538,539,540,541,542,544,545,546,547,548,549,550,552,553,554,555,556,557,558,561,562,563,564,565,566,567,568,569,570,571,572,573,574,575,576,577,578,579,580,581,582,583,584,585,586,587,588,589,590,591,592,593,594,595,596,597,598,599,600,601,602
44,45,46,47,48,49,50,51,52,53,54,226,325,415,424,504,505,506,507,508,509,510,512,513,514,515,516,517,518,520,521,522,523,524,525,526,528,529,530,531,532,533,534,536,537,538,539,540,541,542,544,545,546,547,548,549,550,552,553,554,555,556,557,558,561,562,563,564,565,566,567,568,569,570,571,572,573,574,575,576,577,578,579,580,581,582,583,584,585,586,587,588,589,590,591,592,593,594,595,596,597,598,599,600,601,602,603
227,326,416,417,425,511,519,595,596,597,598,599,600,601,602,603,604
228,327,417,426,511,519,595,596,597,598,599,600,601,602,603,604,605
55,56,57,58,59,60,61,62,63,64,65,229,328,418,427,512,513,514,515,516,517,518,520,521,522,523,524,525,526,528,529,530,531,532,533,534,536,537,538,539,540,541,542,544,545,546,547,548,549,550,552,553,554,555,556,557,558,561,562,563,564,565,566,567,568,569,570,571,572,573,574,575,576,577,578,579,580,581,582,583,584,585,586,587,588,589,590,591,592,593,594,595,596,597,598,599,600,601,602,603,604,605,606
55,56,57,58,59,60,61,62,63,64,65,230,329,419,428,512,513,514,515,516,517,518,520,521,522,523,524,525,526,528,529,530,531,532,533,534,536,537,538,539,540,541,542,544,545,546,547,548,549,550,552,553,554,555,556,557,558,561,562,563,564,565,566,567,568,569,570,571,572,573,574,575,576,577,578,579,580,581,582,583,584,585,586,587,588,589,590,591,592,593,594,595,596,597,598,599,600,601,602,603,604,605,606,607
55,56,57,58,59,60,61,62,63,64,65,231,330,420,429,512,513,514,515,516,517,518,520,521,522,523,524,525,526,528,529,530,531,532,533,534,536,537,538,539,540,541,542,544,545,546,547,548,549,550,552,553,554,555,556,557,558,561,562,563,564,565,566,567,568,569,570,571,572,573,574,575,576,577,578,579,580,581,582,583,584,585,586,587,588,589,590,591,592,593,594,595,596,597,598,599,600,601,602,603,604,605,606,607,608
55,56,57,58,59,60,61,62,63,64,65,232,331,421,430,512,513,514,515,516,517,518,520,521,522,523,524,525,526,528,529,530,531,532,533,534,536,537,538,539,540,541,542,544,545,546,547,548,549,550,552,553,554,555,556,557,558,561,562,563,564,565,566,567,568,569,570,571,572,573,574,575,576,577,578,579,580,581,582,583,584,585,586,587,588,589,590,591,592,593,594,595,596,597,598,599,600,601,602,603,604,605,606,607,608,609
55,56,57,58,59,60,61,62,63,64,65,233,332,422,431,512,513,514,515,516,517,518,520,521,522,523,524,525,526,528,529,530,531,532,533,534,536,537,538,539,540,541,542,544,545,546,547,548,549,550,552,553,554,555,556,557,558,561,562,563,564,565,566,567,568,569,570,571,572,573,574,575,576,577,578,579,580,581,582,583,584,585,586,587,588,589,590,591,592,593,594,595,596,597,598,599,600,601,602,603,604,605,606,607,608,609,610
55,56,57,58,59,60,61,62,63,64,65,234,333,423,432,512,513,514,515,516,517,518,520,521,522,523,524,525,526,528,529,530,531,532,533,534,536,537,538,539,540,541,542,544,545,546,547,548,549,550,552,553,554,555,556,557,558,561,562,563,564,565,566,567,568,569,570,571,572,573,574,575,576,577,578,579,580,581,582,583,584,585,586,587,588,589,590,591,592,593,594,595,596,597,598,599,600,601,602,603,604,605,606,607,608,609,610,611
55,56,57,58,59,60,61,62,63,64,65,235,334,424,433,512,513,514,515,516,517,518,520,521,522,523,524,525,526,528,529,530,531,532,533,534,536,537,538,539,540,541,542,544,545,546,547,548,549,550,552,553,554,555,556,557,558,561,562,563,564,565,566,567,568,569,570,571,572,573,574,575,576,577,578,579,580,581,582,583,584,585,586,587,588,589,590,591,592,593,594,595,596,597,598,599,600,601,602,603,604,605,606,607,608,609,610,611,612
236,335,425,426,434,519,527,604,605,606,607,608,609,610,611,612,613
237,336,426,435,519,527,604,605,606,607,608,609,610,611,612,613,614
66,67,68,69,70,71,72,73,74,75,76,238,337,427,436,520,521,522,523,524,525,526,528,529,530,531,532,533,534,536,537,538,539,540,541,542,544,545,546,547,548,549,550,552,553,554,555,556,557,558,561,562,563,564,565,566,567,568,569,570,571,572,573,574,575,576,577,578,579,580,581,582,583,584,585,586,587,588,589,590,591,592,593,594,595,596,597,598,599,600,601,602,603,604,605,606,607,608,609,610,611,612,613,614,615
66,67,68,69,70,71,72,73,74,75,76,239,338,428,437,520,521,522,523,524,525,526,528,529,530,531,532,533,534,536,537,538,539,540,541,542,544,545,546,547,548,549,550,552,553,554,555,556,557,558,561,562,563,564,565,566,567,568,569,570,571,572,573,574,575,576,577,578,579,580,581,582,583,584,585,586,587,588,589,590,591,592,593,594,595,596,597,598,599,600,601,602,603,604,605,606,607,608,609,610,611,612,613,614,615,616
66,67,68,69,70,71,72,73,74,75,76,240,339,429,438,520,521,522,523,524,525,526,528,529,530,531,532,533,534,536,537,538,539,540,541,542,544,545,546,547,548,549,550,552,553,554,555,556,557,558,561,562,563,564,565,566,567,568,569,570,571,572,573,574,575,576,577,578,579,580,581,582,583,584,585,586,587,588,589,590,591,592,593,594,595,596,597,598,599,600,601,602,603,604,605,606,607,608,609,610,611,612,613,614,615,616,617
66,67,68,69,70,71,72,73,74,75,76,241,340,430,439,520,521,522,523,524,525,526,528,529,530,531,532,533,534,536,537,538,539,540,541,542,544,545,546,547,548,549,550,552,553,554,555,556,557,558,561,562,563,564,565,566,567,568,569,570,571,572,573,574,575,576,577,578,579,580,581,582,583,584,585,586,587,588,589,590,591,592,593,594,595,596,597,598,599,600,601,602,603,604,605,606,607,608,609,610,611,612,613,614,615,616,617,618
66,67,68,69,70,71,72,73,74,75,76,242,341,431,440,520,521,522,523,524,525,526,528,529,530,531,532,533,534,536,537,538,539,540,541,542,544,545,546,547,548,549,550,552,553,554,555,556,557,558,561,562,563,564,565,566,567,568,569,570,571,572,573,574,575,576,577,578,579,580,581,582,583,584,585,586,587,588,589,590,591,592,593,594,595,596,597,598,599,600,601,602,603,604,605,606,607,608,609,610,611,612,613,614,615,616,617,618,619
66,67,68,69,70,71,72,73,74,75,76,243,342,432,441,520,521,522,523,524,525,526,528,529,530,531,532,533,534,536,537,538,539,540,541,542,544,545,546,547,548,549,550,552,553,554,555,556,557,558,561,562,563,564,565,566,567,568,569,570,571,572,573,574,575,576,577,578,579,580,581,582,583,584,585,586,587,588,589,590,591,592,593,594,595,596,597,598,599,600,601,602,603,604,605,606,607,608,609,610,611,612,613,614,615,616,617,618,619,620
66,67,68,69,70,71,72,73,74,75,76,244,343,433,442,520,521,522,523,524,525,526,528,529,530,531,532,533,534,536,537,538,539,540,541,542,544,545,546,547,548,549,550,552,553,554,555,556,557,558,561,562,563,564,565,566,567,568,569,570,571,572,573,574,575,576,577,578,579,580,581,582,583,584,585,586,587,588,589,590,591,592,593,594,595,596,597,598,599,600,601,602,603,604,605,606,607,608,609,610,611,612,613,614,615,616,617,618,619,620,621
245,344,434,435,443,527,535,613,614,615,616,617,618,619,620,621,622
246,345,435,444,527,535,613,614,615,616,617,618,619,620,621,622,623
77,78,79,80,81,82,83,84,85,86,87,247,346,436,445,528,529,530,531,532,533,534,536,537,538,539,540,541,542,544,545,546,547,548,549,550,552,553,554,555,556,557,558,561,562,563,564,565,566,567,568,569,570,571,572,573,574,575,576,577,578,579,580,581,582,583,584,585,586,587,588,589,590,591,592,593,594,595,596,597,598,599,600,601,602,603,604,605,606,607,608,609,610,611,612,613,614,615,616,617,618,619,620,621,622,623,624
77,78,79,80,81,82,83,84,85,86,87,248,347,437,446,528,529,530,531,532,533,534,536,537,538,539,540,541,542,544,545,546,547,548,549,550,552,553,554,555,556,557,558,561,562,563,564,565,566,567,568,569,570,571,572,573,574,575,576,577,578,579,580,581,582,583,584,585,586,587,588,589,590,591,592,593,594,595,596,597,598,599,600,601,602,603,604,605,606,607,608,609,610,611,612,613,614,615,616,617,618,619,620,621,622,623,624,625
77,78,79,80,81,82,83,84,85,86,87,249,348,438,447,528,529,530,531,532,533,534,536,537,538,539,540,541,542,544,545,546,547,548,549,550,552,553,554,555,556,557,558,561,562,563,564,565,566,567,568,569,570,571,572,573,574,575,576,577,578,579,580,581,582,583,584,585,586,587,588,589,590,591,592,593,594,595,596,597,598,599,600,601,602,603,604,605,606,607,608,609,610,611,612,613,614,615,616,617,618,619,620,621,622,623,624,625,626
77,78,79,80,81,82,83,84,85,86,87,250,349,439,448,528,529,530,531,532,533,534,536,537,538,539,540,541,542,544,545,546,547,548,549,550,552,553,554,555,556,557,558,561,562,563,564,565,566,567,568,569,570,571,572,573,574,575,576,577,578,579,580,581,582,583,584,585,586,587,588,589,590,591,592,593,594,595,596,597,598,599,600,601,602,603,604,605,606,607,608,609,610,611,612,613,614,615,616,617,618,619,620,621,622,623,624,625,626,627
77,78,79,80,81,82,83,84,85,86,87,251,350,440,449,528,529,530,531,532,533,534,536,537,538,539,540,541,542,544,545,546,547,548,549,550,552,553,554,555,556,557,558,561,562,563,564,565,566,567,568,569,570,571,572,573,574,575,576,577,578,579,580,581,582,583,584,585,586,587,588,589,590,591,592,593,594,595,596,597,598,599,600,601,602,603,604,605,606,607,608,609,610,611,612,613,614,615,616,617,618,619,620,621,622,623,624,625,626,627,628
77,78,79,80,81,82,83,84,85,86,87,252,351,441,450,528,529,530,531,532,533,534,536,537,538,539,540,541,542,544,545,546,547,548,549,550,552,553,554,555,556,557,558,561,562,563,564,565,566,567,568,569,570,571,572,573,574,575,576,577,578,579,580,581,582,583,584,585,586,587,588,589,590,591,592,593,594,595,596,597,598,599,600,601,602,603,604,605,606,607,608,609,610,611,612,613,614,615,616,617,618,619,620,621,622,623,624,625,626,627,628,629
77,78,79,80,81,82,83,84,85,86,87,253,352,442,451,528,529,530,531,532,533,534,536,537,538,539,540,541,542,544,545,546,547,548,549,550,552,553,554,555,556,557,558,561,562,563,564,565,566,567,568,569,570,571,572,573,574,575,576,577,578,579,580,581,582,583,584,585,586,587,588,589,590,591,592,593,594,595,596,597,598,599,600,601,602,603,604,605,606,607,608,609,610,611,612,613,614,615,616,617,618,619,620,621,622,623,624,625,626,627,628,629,630
254,353,443,444,452,535,543,622,623,624,625,626,627,628,629,630,631
255,354,444,453,535,543,622,623,624,625,626,627,628,629,630,631,632
88,89,90,91,92,93,94,95,96,97,98,256,355,445,454,536,537,538,539,540,541,542,544,545,546,547,548,549,550,552,553,554,555,556,557,558,561,562,563,564,565,566,567,568,569,570,571,572,573,574,575,576,577,578,579,580,581,582,583,584,585,586,587,588,589,590,591,592,593,594,595,596,597,598,599,600,601,602,603,604,605,606,607,608,609,610,611,612,613,614,615,616,617,618,619,620,621,622,623,624,625,626,627,628,629,630,631,632,633
88,89,90,91,92,93,94,95,96,97,98,257,356,446,455,536,537,538,539,540,541,542,544,545,546,547,548,549,550,552,553,554,555,556,557,558,561,562,563,564,565,566,567,568,569,570,571,572,573,574,575,576,577,578,579,580,581,582,583,584,585,586,587,588,589,590,591,592,593,594,595,596,597,598,599,600,601,602,603,604,605,606,607,608,609,610,611,612,613,614,615,616,617,618,619,620,621,622,623,624,625,626,627,628,629,630,631,632,633,634
88,89,90,91,92,93,94,95,96,97,98,258,357,447,456,536,537,538,539,540,541,542,544,545,546,547,548,549,550,552,553,554,555,556,557,558,561,562,563,564,565,566,567,568,569,570,571,572,573,574,575,576,577,578,579,580,581,582,583,584,585,586,587,588,589,590,591,592,593,594,595,596,597,598,599,600,601,602,603,604,605,606,607,608,609,610,611,612,613,614,615,616,617,618,619,620,621,622,623,624,625,626,627,628,629,630,631,632,633,634,635
88,89,90,91,92,93,94,95,96,97,98,259,358,448,457,536,537,538,539,540,541,542,544,545,546,547,548,549,550,552,553,554,555,556,557,558,561,562,563,564,565,566,567,568,569,570,571,572,573,574,575,576,577,578,579,580,581,582,583,584,585,586,587,588,589,590,591,592,593,594,595,596,597,598,599,600,601,602,603,604,605,606,607,608,609,610,611,612,613,614,615,616,617,618,619,620,621,622,623,624,625,626,627,628,629,630,631,632,633,634,635,636
88,89,90,91,92,93,94,95,96,97,98,260,359,449,458,536,537,538,539,540,541,542,544,545,546,547,548,549,550,552,553,554,555,556,557,558,561,562,563,564,565,566,567,568,569,570,571,572,573,574,575,576,577,578,579,580,581,582,583,584,585,586,587,588,589,590,591,592,593,594,595,596,597,598,599,600,601,602,603,604,605,606,607,608,609,610,611,612,613,614,615,616,617,618,619,620,621,622,623,624,625,626,627,628,629,630,631,632,633,634,635,636,637
88,89,90,91,92,93,94,95,96,97,98,261,360,450,459,536,537,538,539,540,541,542,544,545,546,547,548,549,550,552,553,554,555,556,557,558,561,562,563,564,565,566,567,568,569,570,571,572,573,574,575,576,577,578,579,580,581,582,583,584,585,586,587,588,589,590,591,592,593,594,595,596,597,598,599,600,601,602,603,604,605,606,607,608,609,610,611,612,613,614,615,616,617,618,619,620,621,622,623,624,625,626,627,628,629,630,631,632,633,634,635,636,637,638
88,89,90,91,92,93,94,95,96,97,98,262,361,451,460,536,537,538,539,540,541,542,544,545,546,547,548,549,550,552,553,554,555,556,557,558,561,562,563,564,565,566,567,568,569,570,571,572,573,574,575,576,577,578,579,580,581,582,583,584,585,586,587,588,589,590,591,592,593,594,595,596,597,598,599,600,601,602,603,604,605,606,607,608,609,610,611,612,613,614,615,616,617,618,619,620,621,622,623,624,625,626,627,628,629,630,631,632,633,634,635,636,637,638,639
263,362,452,453,461,543,551,631,632,633,634,635,636,637,638,639,640
264,363,453,462,543,551,631,632,633,634,635,636,637,638,639,640,641
99,100,101,102,103,104,105,106,107,108,109,265,364,454,463,544,545,546,547,548,549,550,552,553,554,555,556,557,558,561,562,563,564,565,566,567,568,569,570,571,572,573,574,575,576,577,578,579,580,581,582,583,584,585,586,587,588,589,590,591,592,593,594,595,596,597,598,599,600,601,602,603,604,605,606,607,608,609,610,611,612,613,614,615,616,617,618,619,620,621,622,623,624,625,626,627,628,629,630,631,632,633,634,635,636,637,638,639,640,641,642
99,100,101,102,103,104,105,106,107,108,109,266,365,455,464,544,545,546,547,548,549,550,552,553,554,555,556,557,558,561,562,563,564,565,566,567,568,569,570,571,572,573,574,575,576,577,578,579,580,581,582,583,584,585,586,587,588,589,590,591,592,593,594,595,596,597,598,599,600,601,602,603,604,605,606,607,608,609,610,611,612,613,614,615,616,617,618,619,620,621,622,623,624,625,626,627,628,629,630,631,632,633,634,635,636,637,638,639,640,641,642,643
99,100,101,102,103,104,105,106,107,108,109,267,366,456,465,544,545,546,547,548,549,550,552,553,554,555,556,557,558,561,562,563,564,565,566,567,568,569,570,571,572,573,574,575,576,577,578,579,580,581,582,583,584,585,586,587,588,589,590,591,592,593,594,595,596,597,598,599,600,601,602,603,604,605,606,607,608,609,610,611,612,613,614,615,616,617,618,619,620,621,622,623,624,625,626,627,628,629,630,631,632,633,634,635,636,637,638,639,640,641,642,643,644
99,100,101,102,103,104,105,106,107,108,109,268,367,457,466,544,545,546,547,548,549,550,552,553,554,555,556,557,558,561,562,563,564,565,566,567,568,569,570,571,572,573,574,575,576,577,578,579,580,581,582,583,584,585,586,587,588,589,590,591,592,593,594,595,596,597,598,599,600,601,602,603,604,605,606,607,608,609,610,611,612,613,614,615,616,617,618,619,620,621,622,623,624,625,626,627,628,629,630,631,632,633,634,635,636,637,638,639,640,641,642,643,644,645
99,100,101,102,103,104,105,106,107,108,109,269,368,458,467,544,545,546,547,548,549,550,552,553,554,555,556,557,558,561,562,563,564,565,566,567,568,569,570,571,572,573,574,575,576,577,578,579,580,581,582,583,584,585,586,587,588,589,590,591,592,593,594,595,596,597,598,599,600,601,602,603,604,605,606,607,608,609,610,611,612,613,614,615,616,617,618,619,620,621,622,623,624,625,626,627,628,629,630,631,632,633,634,635,636,637,638,639,640,641,642,643,644,645,646
99,100,101,102,103,104,105,106,107,108,109,270,369,459,468,544,545,546,547,548,549,550,552,553,554,555,556,557,558,561,562,563,564,565,566,567,568,569,570,571,572,573,574,575,576,577,578,579,580,581,582,583,584,585,586,587,588,589,590,591,592,593,594,595,596,597,598,599,600,601,602,603,604,605,606,607,608,609,610,611,612,613,614,615,616,617,618,619,620,621,622,623,624,625,626,627,628,629,630,631,632,633,634,635,636,637,638,639,640,641,642,643,644,645,646,647
99,100,101,102,103,104,105,106,107,108,109,271,370,460,469,544,545,546,547,548,549,550,552,553,554,555,556,557,558,561,562,563,564,565,566,567,568,569,570,571,572,573,574,575,576,577,578,579,580,581,582,583,584,585,586,587,588,589,590,591,592,593,594,595,596,597,598,599,600,601,602,603,604,605,606,607,608,609,610,611,612,613,614,615,616,617,618,619,620,621,622,623,624,625,626,627,628,629,630,631,632,633,634,635,636,637,638,639,640,641,642,643,644,645,646,647,648
272,371,461,462,470,551,640,641,642,643,644,645,646,647,648,649
273,372,462,471,551,640,641,642,643,644,645,646,647,648,649,650
110,111,112,113,114,115,116,117,118,119,120,274,373,463,472,552,553,554,555,556,557,558,561,562,563,564,565,566,567,568,569,570,571,572,573,574,575,576,577,578,579,580,581,582,583,584,585,586,587,588,589,590,591,592,593,594,595,596,597,598,599,600,601,602,603,604,605,606,607,608,609,610,611,612,613,614,615,616,617,618,619,620,621,622,623,624,625,626,627,628,629,630,631,632,633,634,635,636,637,638,639,640,641,642,643,644,645,646,647,648,649,650,651
110,111,112,113,114,115,116,117,118,119,120,275,374,464,473,552,553,554,555,556,557,558,561,562,563,564,565,566,567,568,569,570,571,572,573,574,575,576,577,578,579,580,581,582,583,584,585,586,587,588,589,590,591,592,593,594,595,596,597,598,599,600,601,602,603,604,605,606,607,608,609,610,611,612,613,614,615,616,617,618,619,620,621,622,623,624,625,626,627,628,629,630,631,632,633,634,635,636,637,638,639,640,641,642,643,644,645,646,647,648,649,650,651,652
110,111,112,113,114,115,116,117,118,119,120,276,375,465,474,552,553,554,555,556,557,558,561,562,563,564,565,566,567,568,569,570,571,572,573,574,575,576,577,578,579,580,581,582,583,584,585,586,587,588,589,590,591,592,593,594,595,596,597,598,599,600,601,602,603,604,605,606,607,608,609,610,611,612,613,614,615,616,617,618,619,620,621,622,623,624,625,626,627,628,629,630,631,632,633,634,635,636,637,638,639,640,641,642,643,644,645,646,647,648,649,650,651,652,653
110,111,112,113,114,115,116,117,118,119,120,277,376,466,475,552,553,554,555,556,557,558,561,562,563,564,565,566,567,568,569,570,571,572,573,574,575,576,577,578,579,580,581,582,583,584,585,586,587,588,589,590,591,592,593,594,595,596,597,598,599,600,601,602,603,604,605,606,607,608,609,610,611,612,613,614,615,616,617,618,619,620,621,622,623,624,625,626,627,628,629,630,631,632,633,634,635,636,637,638,639,640,641,642,643,644,645,646,647,648,649,650,651,652,653,654
110,111,112,113,114,115,116,117,118,119,120,278,377,467,476,552,553,554,555,556,557,558,561,562,563,564,565,566,567,568,569,570,571,572,573,574,575,576,577,578,579,580,581,582,583,584,585,586,587,588,589,590,591,592,593,594,595,596,597,598,599,600,601,602,603,604,605,606,607,608,609,610,611,612,613,614,615,616,617,618,619,620,621,622,623,624,625,626,627,628,629,630,631,632,633,634,635,636,637,638,639,640,641,642,643,644,645,646,647,648,649,650,651,652,653,654,655
110,111,112,113,114,115,116,117,118,119,120,279,378,468,477,552,553,554,555,556,557,558,561,562,563,564,565,566,567,568,569,570,571,572,573,574,575,576,577,578,579,580,581,582,583,584,585,586,587,588,589,590,591,592,593,594,595,596,597,598,599,600,601,602,603,604,605,606,607,608,609,610,611,612,613,614,615,616,617,618,619,620,621,622,623,624,625,626,627,628,629,630,631,632,633,634,635,636,637,638,639,640,641,642,643,644,645,646,647,648,649,650,651,652,653,654,655,656
110,111,112,113,114,115,116,117,118,119,120,280,379,469,478,552,553,554,555,556,557,558,561,562,563,564,565,566,567,568,569,570,571,572,573,574,575,576,577,578,579,580,581,582,583,584,585,586,587,588,589,590,591,592,593,594,595,596,597,598,599,600,601,602,603,604,605,606,607,608,609,610,611,612,613,614,615,616,617,618,619,620,621,622,623,624,625,626,627,628,629,630,631,632,633,634,635,636,637,638,639,640,641,642,643,644,645,646,647,648,649,650,651,652,653,654,655,656,657
