376
98
367
277
375
89
178
358
268
374
373
372
371
370
369
97
368
276
366
80
170
448
349
259
96
365
95
364
94
363
93
362
92
361
91
360
90
88
359
267
456
357
71
162
439
340
250
275
87
455
356
274
86
454
355
273
85
453
354
272
84
452
353
271
83
451
352
270
82
450
351
646
645
644
643
642
641
640
639
638
637
636
269
81
79
449
350
258
447
348
62
154
430
331
241
177
266
535
78
446
347
176
265
534
77
445
346
175
264
533
76
444
345
174
263
532
75
443
344
173
262
531
74
442
343
172
261
530
73
441
342
635
634
633
632
631
630
629
628
627
626
625
171
260
529
72
70
440
341
249
438
339
53
146
421
322
232
169
257
527
69
437
338
168
256
526
68
436
337
167
255
525
67
435
336
166
254
524
66
434
335
165
253
523
65
433
334
164
252
522
64
432
333
163
624
623
622
621
620
619
618
617
616
615
614
251
521
63
61
431
332
240
429
330
44
138
412
313
223
161
248
519
60
428
329
160
247
518
59
427
328
159
246
517
58
426
327
158
245
516
57
425
326
157
244
515
56
424
325
156
243
514
55
423
324
155
613
612
611
610
609
608
607
606
605
604
603
242
513
54
52
422
323
231
420
321
35
130
153
239
511
51
419
320
152
238
510
50
418
319
151
237
509
49
417
318
150
236
508
48
416
317
149
235
507
47
415
316
148
234
506
46
414
315
403
304
214
147
602
601
600
599
598
597
596
595
594
593
592
233
505
45
43
413
314
222
411
312
145
230
503
42
410
311
144
229
502
41
409
310
143
228
501
40
408
309
142
227
500
39
407
308
141
226
499
38
406
307
140
225
498
37
405
306
26
122
139
591
590
589
588
587
586
585
584
583
582
581
224
497
36
34
404
305
137
221
495
33
136
220
494
32
135
219
493
31
134
218
492
30
133
217
491
29
132
216
490
28
394
295
205
401
302
400
301
399
300
398
299
397
298
396
297
213
402
303
131
580
579
578
577
576
575
574
573
572
571
570
215
489
27
129
212
487
128
211
486
127
210
485
126
209
484
125
208
483
124
207
482
17
114
24
23
22
21
20
19
25
395
296
123
569
568
567
566
565
564
563
562
561
560
559
206
481
121
479
120
478
119
477
118
476
117
475
116
474
385
286
187
196
203
392
293
202
391
292
201
390
291
200
389
290
199
388
289
198
387
288
204
393
294
18
115
473
113
471
463
112
470
462
111
469
461
110
468
460
109
467
459
108
466
458
8
106
15
14
13
12
11
10
558
557
556
555
554
553
552
551
550
549
548
16
197
386
287
107
465
457
194
383
284
185
193
382
283
184
192
381
282
183
191
380
281
182
190
379
280
181
189
378
279
180
105
104
103
102
101
100
195
384
285
186
9
99
6
5
4
3
2
1
547
546
545
544
543
542
541
540
539
538
537
7
188
377
278
0
179
657
656
655
654
653
652
651
650
649
648
647
536
528
520
512
504
496
488
480
472
464
