# Self Collision MLP Test Case - Sample 17600
# Detailed: YES
# n_input: 7, n_output: 1
# n_hidden_layers: 2

# INPUT (nerf_input) - 21 values
-4.24314230e-01,2.34769023e-02,7.36149549e-01,-1.54963946e+00,-1.58249661e-02,1.56776058e+00,1.09800255e+00,-4.11695897e-01,2.34747454e-02,6.71439468e-01,-9.99685168e-01,-1.58243048e-02,9.99995350e-01,8.90299499e-01,9.11321282e-01,9.99724388e-01,7.41059422e-01,2.11656689e-02,9.99874770e-01,3.03573533e-03,4.55375343e-01

# OUTPUT - 1 values
2.25735411e-01

# JACOBIAN - 1 x 7
-2.42516919e-02,1.71181738e-01,5.25974808e-03,8.51994380e-03,4.73565189e-04,7.11361644e-05,-4.98567133e-05

# NERF_JACOBIAN - 21 x 7
1.00000000e+00,0.00000000e+00,0.00000000e+00,0.00000000e+00,0.00000000e+00,0.00000000e+00,0.00000000e+00
0.00000000e+00,1.00000000e+00,0.00000000e+00,0.00000000e+00,0.00000000e+00,0.00000000e+00,0.00000000e+00
0.00000000e+00,0.00000000e+00,1.00000000e+00,0.00000000e+00,0.00000000e+00,0.00000000e+00,0.00000000e+00
0.00000000e+00,0.00000000e+00,0.00000000e+00,1.00000000e+00,0.00000000e+00,0.00000000e+00,0.00000000e+00
0.00000000e+00,0.00000000e+00,0.00000000e+00,0.00000000e+00,1.00000000e+00,0.00000000e+00,0.00000000e+00
0.00000000e+00,0.00000000e+00,0.00000000e+00,0.00000000e+00,0.00000000e+00,1.00000000e+00,0.00000000e+00
0.00000000e+00,0.00000000e+00,0.00000000e+00,0.00000000e+00,0.00000000e+00,0.00000000e+00,1.00000000e+00
9.11321222e-01,0.00000000e+00,0.00000000e+00,0.00000000e+00,0.00000000e+00,0.00000000e+00,0.00000000e+00
0.00000000e+00,9.99724388e-01,0.00000000e+00,0.00000000e+00,0.00000000e+00,0.00000000e+00,0.00000000e+00
0.00000000e+00,0.00000000e+00,7.41059362e-01,0.00000000e+00,0.00000000e+00,0.00000000e+00,0.00000000e+00
0.00000000e+00,0.00000000e+00,0.00000000e+00,2.11552847e-02,0.00000000e+00,0.00000000e+00,0.00000000e+00
0.00000000e+00,0.00000000e+00,0.00000000e+00,0.00000000e+00,9.99874770e-01,0.00000000e+00,0.00000000e+00
0.00000000e+00,0.00000000e+00,0.00000000e+00,0.00000000e+00,0.00000000e+00,3.03573533e-03,0.00000000e+00
0.00000000e+00,0.00000000e+00,0.00000000e+00,0.00000000e+00,0.00000000e+00,0.00000000e+00,4.55375343e-01
4.11695897e-01,0.00000000e+00,0.00000000e+00,0.00000000e+00,0.00000000e+00,0.00000000e+00,0.00000000e+00
0.00000000e+00,-2.34747454e-02,0.00000000e+00,0.00000000e+00,0.00000000e+00,0.00000000e+00,0.00000000e+00
0.00000000e+00,0.00000000e+00,-6.71439468e-01,0.00000000e+00,0.00000000e+00,0.00000000e+00,0.00000000e+00
0.00000000e+00,0.00000000e+00,0.00000000e+00,9.99776184e-01,0.00000000e+00,0.00000000e+00,0.00000000e+00
0.00000000e+00,0.00000000e+00,0.00000000e+00,0.00000000e+00,1.58243048e-02,0.00000000e+00,0.00000000e+00
0.00000000e+00,0.00000000e+00,0.00000000e+00,0.00000000e+00,0.00000000e+00,-9.99995350e-01,0.00000000e+00
0.00000000e+00,0.00000000e+00,0.00000000e+00,0.00000000e+00,0.00000000e+00,0.00000000e+00,-8.90299499e-01

# LAYER_0_PRE_ACTIVATION - 256 values
-4.18729454e-01,-1.65437245e+00,-2.22918772e+00,-4.05371963e-01,-1.97012066e-01,-2.21750831e+00,-5.84782004e-01,4.44880604e-01,-1.48549497e+00,-4.18567180e-01,-1.70968204e-01,-1.09956049e+00,-9.70530211e-02,-3.78127157e-01,3.74022960e-01,1.21884047e-02,-2.61101007e-01,-3.73955160e-01,-3.18743050e-01,-8.69751125e-02,-5.53442180e-01,3.60356330e-01,-4.46565061e-01,-4.41799193e-01,-1.79582044e-01,-4.04637277e-01,-1.05987444e-01,-2.25133657e-01,-8.07813644e-01,-4.51532304e-02,-1.24049830e+00,-1.15532946e+00,-6.06739640e-01,3.44317078e-01,-9.64986860e-01,8.36390912e-01,4.49280977e-01,-4.92983788e-01,-7.55561351e-01,-6.85801982e-01,-6.75453007e-01,-1.30584430e+00,1.87807261e-01,-4.37109142e-01,3.28945785e-01,-1.25692927e+00,-1.86864042e+00,-1.50038611e+00,-5.66338479e-01,-2.40647387e+00,1.22987806e-01,-1.60440611e+00,-4.56020772e-01,4.59546566e-01,-5.98455309e-01,-7.18950688e-01,-3.28987574e+00,-1.40213847e+00,-5.93592166e-01,-6.61287128e-01,-3.01975101e-01,-1.57955896e+00,-3.34730833e-01,-1.39240169e+00,-7.47090578e-03,1.61442577e-01,-1.72886222e-01,-1.17829293e-01,1.93466156e-01,-5.57938516e-01,-1.02687454e+00,-5.07486760e-01,-2.61139452e-01,-7.41818189e-01,-5.43782293e-01,-1.41630756e+00,-6.69472873e-01,-6.32617831e-01,-8.49084436e-01,-2.55347490e-01,-5.28592228e-01,-3.56034129e-01,-9.07046020e-01,-1.13575375e+00,-5.15393912e-01,-5.51765203e-01,-1.21258533e+00,7.42004215e-02,-6.94271564e-01,-6.57436192e-01,-1.50568425e-01,3.70102822e-01,-2.52289146e-01,-7.65603899e-01,3.94379913e-01,-3.44681072e+00,1.68861269e-01,-1.63104444e-01,5.79900920e-01,-1.64326310e+00,-2.46794700e+00,-2.27089571e+00,-1.08375382e+00,1.31094753e-01,-7.25879967e-01,5.34942746e-01,-5.06152927e-01,-1.46080747e-01,-2.71935820e-01,-2.46190726e-02,4.23578202e-01,-1.20793735e+00,5.75028538e-01,-7.58699715e-01,-2.30159372e-01,6.22515439e-01,-3.85172152e+00,7.35421061e-01,-5.47240793e-01,-8.70030164e-01,-1.06383264e+00,-3.81665110e-01,-6.24505937e-01,3.34845304e-01,-5.06175696e-01,2.61199474e-03,2.36603498e-01,-2.84838348e-01,6.59708976e-02,-2.65799850e-01,4.05667126e-01,1.74446225e-01,-1.30610787e+00,-4.86911594e-01,-2.12173604e+00,6.07591867e-03,-1.15581154e+00,-3.01274508e-01,8.98186564e-02,-9.60225015e-02,9.62808728e-02,-1.01592302e+00,9.68088388e-01,-1.25837373e+00,2.39410132e-01,-7.70447552e-02,9.35509800e-04,-1.90419220e+00,-1.26523482e+00,-1.33233010e-01,-8.13061833e-01,-1.28858160e+00,-1.47956454e+00,-4.21932309e-01,-5.69018900e-01,-6.65595769e-01,2.13036537e-02,-4.53491181e-01,-9.78089392e-01,-2.88798522e+00,2.25557804e-01,-8.04684102e-01,3.97636651e-01,-8.86509776e-01,3.64995986e-01,6.96532368e-01,2.69517660e-01,-1.25166654e+00,-1.02488660e+00,-8.95413100e-01,-1.15700617e-01,5.45805513e-01,-1.66609489e+00,-1.03492128e+00,-2.80580472e+00,-8.12032580e-01,2.60760486e-01,3.87468338e-01,-2.88754373e-01,-1.35897696e-01,-5.99394261e-01,-4.33189034e-01,-8.32580268e-01,-5.75924694e-01,3.04533779e-01,2.59205639e-01,-8.26391518e-01,-5.15178143e-01,4.91292804e-01,-3.94694626e-01,-7.95234501e-01,-7.15149581e-01,-1.07038989e-02,-9.22225713e-01,-2.13387370e+00,-5.48203587e-01,-6.77258133e-01,-1.51790726e+00,5.51830351e-01,-2.02348858e-01,-1.68339157e+00,-7.72521197e-01,4.36306715e-01,-1.39712953e+00,5.07361590e-01,-3.98822814e-01,-3.10671061e-01,-9.27289128e-01,1.16961389e-01,-1.73990309e+00,-1.00961828e+00,-7.94389963e-01,-9.22250449e-01,4.43638294e-01,-7.58881747e-01,-1.91487646e+00,2.22156524e-01,-1.54645472e-01,-4.63131457e-01,-2.82190710e-01,-4.43593025e-01,3.09933930e-01,1.08116865e-03,-1.18663802e-01,-1.06345534e+00,-1.48521137e+00,4.04433310e-01,-8.24877023e-01,7.94456899e-01,-4.92152899e-01,-1.49653327e+00,-8.01124393e-01,-7.88887262e-01,1.22951209e-01,-3.28020095e-01,-7.00067162e-01,2.95532941e-02,-3.25844675e-01,3.19425165e-02,-2.16768756e-01,-1.32886135e+00,1.42040431e-01,-7.04562813e-02,-2.24055379e-01,-1.19056630e+00,-8.05392682e-01,-1.77762377e+00,-2.82973289e-01,-1.12780427e+00,-9.00535523e-01,-1.22225344e+00,-9.37205553e-01,-2.27054506e-01,3.09560090e-01,-1.12053132e+00,-3.93565416e-01

# LAYER_0_POST_ACTIVATION - 256 values
0.00000000e+00,0.00000000e+00,0.00000000e+00,0.00000000e+00,0.00000000e+00,0.00000000e+00,0.00000000e+00,4.44880604e-01,0.00000000e+00,0.00000000e+00,0.00000000e+00,0.00000000e+00,0.00000000e+00,0.00000000e+00,3.74022960e-01,1.21884047e-02,0.00000000e+00,0.00000000e+00,0.00000000e+00,0.00000000e+00,0.00000000e+00,3.60356330e-01,0.00000000e+00,0.00000000e+00,0.00000000e+00,0.00000000e+00,0.00000000e+00,0.00000000e+00,0.00000000e+00,0.00000000e+00,0.00000000e+00,0.00000000e+00,0.00000000e+00,3.44317078e-01,0.00000000e+00,8.36390912e-01,4.49280977e-01,0.00000000e+00,0.00000000e+00,0.00000000e+00,0.00000000e+00,0.00000000e+00,1.87807261e-01,0.00000000e+00,3.28945785e-01,0.00000000e+00,0.00000000e+00,0.00000000e+00,0.00000000e+00,0.00000000e+00,1.22987806e-01,0.00000000e+00,0.00000000e+00,4.59546566e-01,0.00000000e+00,0.00000000e+00,0.00000000e+00,0.00000000e+00,0.00000000e+00,0.00000000e+00,0.00000000e+00,0.00000000e+00,0.00000000e+00,0.00000000e+00,0.00000000e+00,1.61442577e-01,0.00000000e+00,0.00000000e+00,1.93466156e-01,0.00000000e+00,0.00000000e+00,0.00000000e+00,0.00000000e+00,0.00000000e+00,0.00000000e+00,0.00000000e+00,0.00000000e+00,0.00000000e+00,0.00000000e+00,0.00000000e+00,0.00000000e+00,0.00000000e+00,0.00000000e+00,0.00000000e+00,0.00000000e+00,0.00000000e+00,0.00000000e+00,7.42004215e-02,0.00000000e+00,0.00000000e+00,0.00000000e+00,3.70102822e-01,0.00000000e+00,0.00000000e+00,3.94379913e-01,0.00000000e+00,1.68861269e-01,0.00000000e+00,5.79900920e-01,0.00000000e+00,0.00000000e+00,0.00000000e+00,0.00000000e+00,1.31094753e-01,0.00000000e+00,5.34942746e-01,0.00000000e+00,0.00000000e+00,0.00000000e+00,0.00000000e+00,4.23578202e-01,0.00000000e+00,5.75028538e-01,0.00000000e+00,0.00000000e+00,6.22515439e-01,0.00000000e+00,7.35421061e-01,0.00000000e+00,0.00000000e+00,0.00000000e+00,0.00000000e+00,0.00000000e+00,3.34845304e-01,0.00000000e+00,2.61199474e-03,2.36603498e-01,0.00000000e+00,6.59708976e-02,0.00000000e+00,4.05667126e-01,1.74446225e-01,0.00000000e+00,0.00000000e+00,0.00000000e+00,6.07591867e-03,0.00000000e+00,0.00000000e+00,8.98186564e-02,0.00000000e+00,9.62808728e-02,0.00000000e+00,9.68088388e-01,0.00000000e+00,2.39410132e-01,0.00000000e+00,9.35509800e-04,0.00000000e+00,0.00000000e+00,0.00000000e+00,0.00000000e+00,0.00000000e+00,0.00000000e+00,0.00000000e+00,0.00000000e+00,0.00000000e+00,2.13036537e-02,0.00000000e+00,0.00000000e+00,0.00000000e+00,2.25557804e-01,0.00000000e+00,3.97636651e-01,0.00000000e+00,3.64995986e-01,6.96532368e-01,2.69517660e-01,0.00000000e+00,0.00000000e+00,0.00000000e+00,0.00000000e+00,5.45805513e-01,0.00000000e+00,0.00000000e+00,0.00000000e+00,0.00000000e+00,2.60760486e-01,3.87468338e-01,0.00000000e+00,0.00000000e+00,0.00000000e+00,0.00000000e+00,0.00000000e+00,0.00000000e+00,3.04533779e-01,2.59205639e-01,0.00000000e+00,0.00000000e+00,4.91292804e-01,0.00000000e+00,0.00000000e+00,0.00000000e+00,0.00000000e+00,0.00000000e+00,0.00000000e+00,0.00000000e+00,0.00000000e+00,0.00000000e+00,5.51830351e-01,0.00000000e+00,0.00000000e+00,0.00000000e+00,4.36306715e-01,0.00000000e+00,5.07361590e-01,0.00000000e+00,0.00000000e+00,0.00000000e+00,1.16961389e-01,0.00000000e+00,0.00000000e+00,0.00000000e+00,0.00000000e+00,4.43638294e-01,0.00000000e+00,0.00000000e+00,2.22156524e-01,0.00000000e+00,0.00000000e+00,0.00000000e+00,0.00000000e+00,3.09933930e-01,1.08116865e-03,0.00000000e+00,0.00000000e+00,0.00000000e+00,4.04433310e-01,0.00000000e+00,7.94456899e-01,0.00000000e+00,0.00000000e+00,0.00000000e+00,0.00000000e+00,1.22951209e-01,0.00000000e+00,0.00000000e+00,2.95532941e-02,0.00000000e+00,3.19425165e-02,0.00000000e+00,0.00000000e+00,1.42040431e-01,0.00000000e+00,0.00000000e+00,0.00000000e+00,0.00000000e+00,0.00000000e+00,0.00000000e+00,0.00000000e+00,0.00000000e+00,0.00000000e+00,0.00000000e+00,0.00000000e+00,3.09560090e-01,0.00000000e+00,0.00000000e+00

# LAYER_1_PRE_ACTIVATION - 64 values
-4.65488243e+00,1.30337786e+00,-1.84544730e+00,-2.15235447e+00,1.09537446e+00,-1.01099467e+00,1.09288930e+00,-8.94786298e-01,1.18815529e+00,9.75454628e-01,1.08471930e+00,5.66204667e-01,-4.23386669e+00,1.52105057e+00,1.64557361e+00,-1.19247853e-01,1.13857710e+00,-3.30657505e+00,1.62189960e+00,3.34106802e-01,-1.55402910e+00,-2.01637363e+00,1.38129186e+00,-8.20687675e+00,1.37549638e+00,6.36991739e-01,-1.30874633e+00,-1.14028625e+01,8.32690417e-01,-2.40603375e+00,1.20820736e+00,-1.83568704e+00,1.19457507e+00,-1.07384538e+00,-5.62255620e+00,-1.65731918e+00,1.41936385e+00,1.47062504e+00,-4.34075593e+00,-1.38639044e+00,-1.30206131e+00,1.52426290e+00,9.48939681e-01,1.51636028e+00,8.75214219e-01,1.06150758e+00,1.25468254e+00,-1.38452708e+00,-1.98987853e+00,1.08669769e+00,1.95197677e+00,1.50036430e+00,-1.38049197e+00,-1.29779994e+00,1.52720177e+00,1.78442108e+00,1.86242091e+00,1.33863472e+00,1.25413787e+00,-1.70082831e+00,-7.48083353e-01,-1.81432569e+00,-3.79470992e+00,9.65603172e-01

# LAYER_1_POST_ACTIVATION - 64 values
0.00000000e+00,1.30337786e+00,0.00000000e+00,0.00000000e+00,1.09537446e+00,0.00000000e+00,1.09288930e+00,0.00000000e+00,1.18815529e+00,9.75454628e-01,1.08471930e+00,5.66204667e-01,0.00000000e+00,1.52105057e+00,1.64557361e+00,0.00000000e+00,1.13857710e+00,0.00000000e+00,1.62189960e+00,3.34106802e-01,0.00000000e+00,0.00000000e+00,1.38129186e+00,0.00000000e+00,1.37549638e+00,6.36991739e-01,0.00000000e+00,0.00000000e+00,8.32690417e-01,0.00000000e+00,1.20820736e+00,0.00000000e+00,1.19457507e+00,0.00000000e+00,0.00000000e+00,0.00000000e+00,1.41936385e+00,1.47062504e+00,0.00000000e+00,0.00000000e+00,0.00000000e+00,1.52426290e+00,9.48939681e-01,1.51636028e+00,8.75214219e-01,1.06150758e+00,1.25468254e+00,0.00000000e+00,0.00000000e+00,1.08669769e+00,1.95197677e+00,1.50036430e+00,0.00000000e+00,0.00000000e+00,1.52720177e+00,1.78442108e+00,1.86242091e+00,1.33863472e+00,1.25413787e+00,0.00000000e+00,0.00000000e+00,0.00000000e+00,0.00000000e+00,9.65603172e-01

# === INTERMEDIATE JACOBIANS ===

# JACOBIAN_AFTER_LAYER_0 - 256 x 7
0.00000000e+00,0.00000000e+00,0.00000000e+00,0.00000000e+00,0.00000000e+00,0.00000000e+00,0.00000000e+00
0.00000000e+00,0.00000000e+00,0.00000000e+00,0.00000000e+00,0.00000000e+00,0.00000000e+00,0.00000000e+00
0.00000000e+00,0.00000000e+00,0.00000000e+00,0.00000000e+00,0.00000000e+00,0.00000000e+00,0.00000000e+00
0.00000000e+00,0.00000000e+00,0.00000000e+00,0.00000000e+00,0.00000000e+00,0.00000000e+00,0.00000000e+00
0.00000000e+00,0.00000000e+00,0.00000000e+00,0.00000000e+00,0.00000000e+00,0.00000000e+00,0.00000000e+00
0.00000000e+00,0.00000000e+00,0.00000000e+00,0.00000000e+00,0.00000000e+00,0.00000000e+00,0.00000000e+00
0.00000000e+00,0.00000000e+00,0.00000000e+00,0.00000000e+00,0.00000000e+00,0.00000000e+00,0.00000000e+00
1.89072474e-01,3.90308290e-01,-9.06777083e-02,2.81030356e-01,1.20702553e-02,-1.87530703e-02,-1.75869325e-03
0.00000000e+00,0.00000000e+00,0.00000000e+00,0.00000000e+00,0.00000000e+00,0.00000000e+00,0.00000000e+00
0.00000000e+00,0.00000000e+00,0.00000000e+00,0.00000000e+00,0.00000000e+00,0.00000000e+00,0.00000000e+00
0.00000000e+00,0.00000000e+00,0.00000000e+00,0.00000000e+00,0.00000000e+00,0.00000000e+00,0.00000000e+00
0.00000000e+00,0.00000000e+00,0.00000000e+00,0.00000000e+00,0.00000000e+00,0.00000000e+00,0.00000000e+00
0.00000000e+00,0.00000000e+00,0.00000000e+00,0.00000000e+00,0.00000000e+00,0.00000000e+00,0.00000000e+00
0.00000000e+00,0.00000000e+00,0.00000000e+00,0.00000000e+00,0.00000000e+00,0.00000000e+00,0.00000000e+00
-1.77993938e-01,2.03925669e-01,-3.17303597e-01,-2.55963131e-02,3.39407086e-01,1.91760525e-01,9.73874609e-03
-2.90679395e-01,1.49636998e-01,-1.58782482e-01,5.84667265e-01,2.55061183e-02,6.13031387e-02,-1.09819497e-03
0.00000000e+00,0.00000000e+00,0.00000000e+00,0.00000000e+00,0.00000000e+00,0.00000000e+00,0.00000000e+00
0.00000000e+00,0.00000000e+00,0.00000000e+00,0.00000000e+00,0.00000000e+00,0.00000000e+00,0.00000000e+00
0.00000000e+00,0.00000000e+00,0.00000000e+00,0.00000000e+00,0.00000000e+00,0.00000000e+00,0.00000000e+00
0.00000000e+00,0.00000000e+00,0.00000000e+00,0.00000000e+00,0.00000000e+00,0.00000000e+00,0.00000000e+00
0.00000000e+00,0.00000000e+00,0.00000000e+00,0.00000000e+00,0.00000000e+00,0.00000000e+00,0.00000000e+00
8.24412852e-02,3.73363494e-01,-1.31586596e-01,9.30282771e-02,-1.04773631e-02,-2.50984840e-02,-1.92416424e-03
0.00000000e+00,0.00000000e+00,0.00000000e+00,0.00000000e+00,0.00000000e+00,0.00000000e+00,0.00000000e+00
0.00000000e+00,0.00000000e+00,0.00000000e+00,0.00000000e+00,0.00000000e+00,0.00000000e+00,0.00000000e+00
0.00000000e+00,0.00000000e+00,0.00000000e+00,0.00000000e+00,0.00000000e+00,0.00000000e+00,0.00000000e+00
0.00000000e+00,0.00000000e+00,0.00000000e+00,0.00000000e+00,0.00000000e+00,0.00000000e+00,0.00000000e+00
0.00000000e+00,0.00000000e+00,0.00000000e+00,0.00000000e+00,0.00000000e+00,0.00000000e+00,0.00000000e+00
0.00000000e+00,0.00000000e+00,0.00000000e+00,0.00000000e+00,0.00000000e+00,0.00000000e+00,0.00000000e+00
0.00000000e+00,0.00000000e+00,0.00000000e+00,0.00000000e+00,0.00000000e+00,0.00000000e+00,0.00000000e+00
0.00000000e+00,0.00000000e+00,0.00000000e+00,0.00000000e+00,0.00000000e+00,0.00000000e+00,0.00000000e+00
0.00000000e+00,0.00000000e+00,0.00000000e+00,0.00000000e+00,0.00000000e+00,0.00000000e+00,0.00000000e+00
0.00000000e+00,0.00000000e+00,0.00000000e+00,0.00000000e+00,0.00000000e+00,0.00000000e+00,0.00000000e+00
0.00000000e+00,0.00000000e+00,0.00000000e+00,0.00000000e+00,0.00000000e+00,0.00000000e+00,0.00000000e+00
2.19908338e-02,8.83395969e-03,1.65774133e-02,9.93576124e-02,-5.87567407e-03,-5.11673390e-02,-1.23660324e-03
0.00000000e+00,0.00000000e+00,0.00000000e+00,0.00000000e+00,0.00000000e+00,0.00000000e+00,0.00000000e+00
-2.49091595e-01,1.82775825e-01,7.77288377e-02,7.25091695e-02,1.39579949e-02,-2.33239717e-02,2.58594821e-03
-2.62041449e-01,3.00688117e-01,7.88571387e-02,5.96635639e-02,-4.89796465e-03,4.91949617e-02,1.97590189e-03
0.00000000e+00,0.00000000e+00,0.00000000e+00,0.00000000e+00,0.00000000e+00,0.00000000e+00,0.00000000e+00
0.00000000e+00,0.00000000e+00,0.00000000e+00,0.00000000e+00,0.00000000e+00,0.00000000e+00,0.00000000e+00
0.00000000e+00,0.00000000e+00,0.00000000e+00,0.00000000e+00,0.00000000e+00,0.00000000e+00,0.00000000e+00
0.00000000e+00,0.00000000e+00,0.00000000e+00,0.00000000e+00,0.00000000e+00,0.00000000e+00,0.00000000e+00
0.00000000e+00,0.00000000e+00,0.00000000e+00,0.00000000e+00,0.00000000e+00,0.00000000e+00,0.00000000e+00
-3.30027341e-02,4.63777035e-01,8.56374725e-02,3.34180891e-01,1.14894304e-02,5.08975125e-02,1.10211246e-03
0.00000000e+00,0.00000000e+00,0.00000000e+00,0.00000000e+00,0.00000000e+00,0.00000000e+00,0.00000000e+00
1.09746158e-02,2.16771215e-01,2.67635673e-01,4.46788966e-01,7.04836919e-02,8.08637738e-02,-1.67437735e-03
0.00000000e+00,0.00000000e+00,0.00000000e+00,0.00000000e+00,0.00000000e+00,0.00000000e+00,0.00000000e+00
0.00000000e+00,0.00000000e+00,0.00000000e+00,0.00000000e+00,0.00000000e+00,0.00000000e+00,0.00000000e+00
0.00000000e+00,0.00000000e+00,0.00000000e+00,0.00000000e+00,0.00000000e+00,0.00000000e+00,0.00000000e+00
0.00000000e+00,0.00000000e+00,0.00000000e+00,0.00000000e+00,0.00000000e+00,0.00000000e+00,0.00000000e+00
0.00000000e+00,0.00000000e+00,0.00000000e+00,0.00000000e+00,0.00000000e+00,0.00000000e+00,0.00000000e+00
4.09045130e-01,1.06213569e-01,-2.89736747e-01,-4.40557524e-02,-2.60098248e-01,1.46416187e-01,3.30675300e-03
0.00000000e+00,0.00000000e+00,0.00000000e+00,0.00000000e+00,0.00000000e+00,0.00000000e+00,0.00000000e+00
0.00000000e+00,0.00000000e+00,0.00000000e+00,0.00000000e+00,0.00000000e+00,0.00000000e+00,0.00000000e+00
-4.35814261e-01,2.07673281e-01,3.76452833e-01,2.16812193e-01,4.78165820e-02,5.35177141e-02,1.38730532e-03
0.00000000e+00,0.00000000e+00,0.00000000e+00,0.00000000e+00,0.00000000e+00,0.00000000e+00,0.00000000e+00
0.00000000e+00,0.00000000e+00,0.00000000e+00,0.00000000e+00,0.00000000e+00,0.00000000e+00,0.00000000e+00
0.00000000e+00,0.00000000e+00,0.00000000e+00,0.00000000e+00,0.00000000e+00,0.00000000e+00,0.00000000e+00
0.00000000e+00,0.00000000e+00,0.00000000e+00,0.00000000e+00,0.00000000e+00,0.00000000e+00,0.00000000e+00
0.00000000e+00,0.00000000e+00,0.00000000e+00,0.00000000e+00,0.00000000e+00,0.00000000e+00,0.00000000e+00
0.00000000e+00,0.00000000e+00,0.00000000e+00,0.00000000e+00,0.00000000e+00,0.00000000e+00,0.00000000e+00
0.00000000e+00,0.00000000e+00,0.00000000e+00,0.00000000e+00,0.00000000e+00,0.00000000e+00,0.00000000e+00
0.00000000e+00,0.00000000e+00,0.00000000e+00,0.00000000e+00,0.00000000e+00,0.00000000e+00,0.00000000e+00
0.00000000e+00,0.00000000e+00,0.00000000e+00,0.00000000e+00,0.00000000e+00,0.00000000e+00,0.00000000e+00
0.00000000e+00,0.00000000e+00,0.00000000e+00,0.00000000e+00,0.00000000e+00,0.00000000e+00,0.00000000e+00
0.00000000e+00,0.00000000e+00,0.00000000e+00,0.00000000e+00,0.00000000e+00,0.00000000e+00,0.00000000e+00
1.49970993e-01,2.71302700e-01,-2.63801336e-01,-1.72169297e-01,1.70371476e-02,1.09456792e-01,9.99689800e-04
0.00000000e+00,0.00000000e+00,0.00000000e+00,0.00000000e+00,0.00000000e+00,0.00000000e+00,0.00000000e+00
0.00000000e+00,0.00000000e+00,0.00000000e+00,0.00000000e+00,0.00000000e+00,0.00000000e+00,0.00000000e+00
-6.76724538e-02,-3.92762124e-02,-1.36804640e-01,-3.16805243e-02,1.96281336e-02,-5.56239485e-03,4.04264684e-03
0.00000000e+00,0.00000000e+00,0.00000000e+00,0.00000000e+00,0.00000000e+00,0.00000000e+00,0.00000000e+00
0.00000000e+00,0.00000000e+00,0.00000000e+00,0.00000000e+00,0.00000000e+00,0.00000000e+00,0.00000000e+00
0.00000000e+00,0.00000000e+00,0.00000000e+00,0.00000000e+00,0.00000000e+00,0.00000000e+00,0.00000000e+00
0.00000000e+00,0.00000000e+00,0.00000000e+00,0.00000000e+00,0.00000000e+00,0.00000000e+00,0.00000000e+00
0.00000000e+00,0.00000000e+00,0.00000000e+00,0.00000000e+00,0.00000000e+00,0.00000000e+00,0.00000000e+00
0.00000000e+00,0.00000000e+00,0.00000000e+00,0.00000000e+00,0.00000000e+00,0.00000000e+00,0.00000000e+00
0.00000000e+00,0.00000000e+00,0.00000000e+00,0.00000000e+00,0.00000000e+00,0.00000000e+00,0.00000000e+00
0.00000000e+00,0.00000000e+00,0.00000000e+00,0.00000000e+00,0.00000000e+00,0.00000000e+00,0.00000000e+00
0.00000000e+00,0.00000000e+00,0.00000000e+00,0.00000000e+00,0.00000000e+00,0.00000000e+00,0.00000000e+00
0.00000000e+00,0.00000000e+00,0.00000000e+00,0.00000000e+00,0.00000000e+00,0.00000000e+00,0.00000000e+00
0.00000000e+00,0.00000000e+00,0.00000000e+00,0.00000000e+00,0.00000000e+00,0.00000000e+00,0.00000000e+00
0.00000000e+00,0.00000000e+00,0.00000000e+00,0.00000000e+00,0.00000000e+00,0.00000000e+00,0.00000000e+00
0.00000000e+00,0.00000000e+00,0.00000000e+00,0.00000000e+00,0.00000000e+00,0.00000000e+00,0.00000000e+00
0.00000000e+00,0.00000000e+00,0.00000000e+00,0.00000000e+00,0.00000000e+00,0.00000000e+00,0.00000000e+00
0.00000000e+00,0.00000000e+00,0.00000000e+00,0.00000000e+00,0.00000000e+00,0.00000000e+00,0.00000000e+00
0.00000000e+00,0.00000000e+00,0.00000000e+00,0.00000000e+00,0.00000000e+00,0.00000000e+00,0.00000000e+00
0.00000000e+00,0.00000000e+00,0.00000000e+00,0.00000000e+00,0.00000000e+00,0.00000000e+00,0.00000000e+00
0.00000000e+00,0.00000000e+00,0.00000000e+00,0.00000000e+00,0.00000000e+00,0.00000000e+00,0.00000000e+00
3.25337231e-01,-5.31805120e-02,-4.52695578e-01,6.15087151e-02,9.06470790e-03,2.01175455e-02,2.28806259e-03
0.00000000e+00,0.00000000e+00,0.00000000e+00,0.00000000e+00,0.00000000e+00,0.00000000e+00,0.00000000e+00
0.00000000e+00,0.00000000e+00,0.00000000e+00,0.00000000e+00,0.00000000e+00,0.00000000e+00,0.00000000e+00
0.00000000e+00,0.00000000e+00,0.00000000e+00,0.00000000e+00,0.00000000e+00,0.00000000e+00,0.00000000e+00
9.75512042e-02,-3.06094922e-02,-7.22287409e-03,1.84247493e-01,8.32080245e-02,-1.30876421e-01,1.01132858e-02
0.00000000e+00,0.00000000e+00,0.00000000e+00,0.00000000e+00,0.00000000e+00,0.00000000e+00,0.00000000e+00
0.00000000e+00,0.00000000e+00,0.00000000e+00,0.00000000e+00,0.00000000e+00,0.00000000e+00,0.00000000e+00
-4.90839958e-01,1.71411424e-01,1.45291998e-01,5.29895275e-02,1.21310234e-01,5.39604201e-02,4.43752622e-04
0.00000000e+00,0.00000000e+00,0.00000000e+00,0.00000000e+00,0.00000000e+00,0.00000000e+00,0.00000000e+00
1.89075544e-01,-3.06479215e-01,4.19592559e-02,-4.09511148e-01,-1.02459087e-01,-4.41652424e-02,5.63313660e-04
0.00000000e+00,0.00000000e+00,0.00000000e+00,0.00000000e+00,0.00000000e+00,0.00000000e+00,0.00000000e+00
-2.41836700e-02,-4.92126882e-01,-2.96720683e-01,8.61054658e-02,1.47979864e-02,1.24946057e-01,1.72856450e-03
0.00000000e+00,0.00000000e+00,0.00000000e+00,0.00000000e+00,0.00000000e+00,0.00000000e+00,0.00000000e+00
0.00000000e+00,0.00000000e+00,0.00000000e+00,0.00000000e+00,0.00000000e+00,0.00000000e+00,0.00000000e+00
0.00000000e+00,0.00000000e+00,0.00000000e+00,0.00000000e+00,0.00000000e+00,0.00000000e+00,0.00000000e+00
0.00000000e+00,0.00000000e+00,0.00000000e+00,0.00000000e+00,0.00000000e+00,0.00000000e+00,0.00000000e+00
2.14141309e-01,3.20791542e-01,3.29947203e-01,1.74873933e-01,-4.28179465e-02,-1.31425127e-01,-8.72189644e-04
0.00000000e+00,0.00000000e+00,0.00000000e+00,0.00000000e+00,0.00000000e+00,0.00000000e+00,0.00000000e+00
3.21006178e-02,2.11192965e-01,2.04062014e-01,1.00884065e-01,-1.01835109e-01,7.70235806e-03,5.46635827e-03
0.00000000e+00,0.00000000e+00,0.00000000e+00,0.00000000e+00,0.00000000e+00,0.00000000e+00,0.00000000e+00
0.00000000e+00,0.00000000e+00,0.00000000e+00,0.00000000e+00,0.00000000e+00,0.00000000e+00,0.00000000e+00
0.00000000e+00,0.00000000e+00,0.00000000e+00,0.00000000e+00,0.00000000e+00,0.00000000e+00,0.00000000e+00
0.00000000e+00,0.00000000e+00,0.00000000e+00,0.00000000e+00,0.00000000e+00,0.00000000e+00,0.00000000e+00
8.94875228e-02,3.51585000e-01,-2.58432812e-02,2.27778151e-01,-8.56908224e-03,8.88637080e-02,1.22308754e-03
0.00000000e+00,0.00000000e+00,0.00000000e+00,0.00000000e+00,0.00000000e+00,0.00000000e+00,0.00000000e+00
5.03763742e-03,6.00747317e-02,9.00597870e-03,4.39966797e-01,-1.03980451e-02,-3.33014726e-01,2.09523923e-03
0.00000000e+00,0.00000000e+00,0.00000000e+00,0.00000000e+00,0.00000000e+00,0.00000000e+00,0.00000000e+00
0.00000000e+00,0.00000000e+00,0.00000000e+00,0.00000000e+00,0.00000000e+00,0.00000000e+00,0.00000000e+00
-2.15113133e-01,2.88146853e-01,8.45718979e-02,1.32699713e-01,2.75958683e-02,-4.97026965e-02,1.72197259e-03
0.00000000e+00,0.00000000e+00,0.00000000e+00,0.00000000e+00,0.00000000e+00,0.00000000e+00,0.00000000e+00
2.61740218e-02,-3.47084850e-02,1.03936269e-02,9.39419209e-01,4.43968214e-02,5.48606574e-01,-6.42722984e-03
0.00000000e+00,0.00000000e+00,0.00000000e+00,0.00000000e+00,0.00000000e+00,0.00000000e+00,0.00000000e+00
0.00000000e+00,0.00000000e+00,0.00000000e+00,0.00000000e+00,0.00000000e+00,0.00000000e+00,0.00000000e+00
0.00000000e+00,0.00000000e+00,0.00000000e+00,0.00000000e+00,0.00000000e+00,0.00000000e+00,0.00000000e+00
0.00000000e+00,0.00000000e+00,0.00000000e+00,0.00000000e+00,0.00000000e+00,0.00000000e+00,0.00000000e+00
0.00000000e+00,0.00000000e+00,0.00000000e+00,0.00000000e+00,0.00000000e+00,0.00000000e+00,0.00000000e+00
-4.04036231e-02,7.23266601e-02,-4.16157171e-02,2.04440072e-01,2.45789103e-02,1.24783471e-01,-4.04243171e-03
0.00000000e+00,0.00000000e+00,0.00000000e+00,0.00000000e+00,0.00000000e+00,0.00000000e+00,0.00000000e+00
1.39927491e-01,-5.36389529e-01,-5.36302812e-02,-3.04818332e-01,-2.66891270e-02,3.32716964e-02,1.03407981e-03
1.24523714e-01,2.80562937e-02,-1.48417517e-01,-1.35107234e-01,-1.66032128e-02,-9.08252410e-03,-1.54611817e-03
0.00000000e+00,0.00000000e+00,0.00000000e+00,0.00000000e+00,0.00000000e+00,0.00000000e+00,0.00000000e+00
-1.18275098e-02,3.26840519e-01,1.74087807e-01,3.48122060e-01,3.18204984e-02,3.80081459e-02,8.58073355e-04
0.00000000e+00,0.00000000e+00,0.00000000e+00,0.00000000e+00,0.00000000e+00,0.00000000e+00,0.00000000e+00
-3.40326339e-01,4.72380816e-02,1.78947806e-01,-9.78649929e-02,2.97793559e-03,5.70675134e-02,1.49779452e-03
-4.16764676e-01,-8.89734625e-02,-2.05969512e-02,-6.23376742e-02,4.11730110e-01,-2.45134115e-01,-1.67195033e-03
0.00000000e+00,0.00000000e+00,0.00000000e+00,0.00000000e+00,0.00000000e+00,0.00000000e+00,0.00000000e+00
0.00000000e+00,0.00000000e+00,0.00000000e+00,0.00000000e+00,0.00000000e+00,0.00000000e+00,0.00000000e+00
0.00000000e+00,0.00000000e+00,0.00000000e+00,0.00000000e+00,0.00000000e+00,0.00000000e+00,0.00000000e+00
1.92084491e-01,-3.34950089e-02,4.56279665e-02,6.47877752e-02,-7.05863721e-03,-2.52776443e-02,-3.20703047e-03
0.00000000e+00,0.00000000e+00,0.00000000e+00,0.00000000e+00,0.00000000e+00,0.00000000e+00,0.00000000e+00
0.00000000e+00,0.00000000e+00,0.00000000e+00,0.00000000e+00,0.00000000e+00,0.00000000e+00,0.00000000e+00
1.64643004e-01,-6.78950369e-01,-2.33042985e-02,1.58397838e-01,2.26402543e-02,2.88983527e-02,-1.12059339e-03
0.00000000e+00,0.00000000e+00,0.00000000e+00,0.00000000e+00,0.00000000e+00,0.00000000e+00,0.00000000e+00
5.62095567e-02,4.92885828e-01,-6.87123611e-02,2.59802371e-01,2.86697503e-03,1.75293721e-02,-9.76213545e-04
0.00000000e+00,0.00000000e+00,0.00000000e+00,0.00000000e+00,0.00000000e+00,0.00000000e+00,0.00000000e+00
5.41037134e-02,-3.16255927e-01,-1.32335528e-01,8.06430339e-01,-7.46552459e-03,4.43278625e-02,8.45911167e-03
0.00000000e+00,0.00000000e+00,0.00000000e+00,0.00000000e+00,0.00000000e+00,0.00000000e+00,0.00000000e+00
-1.68030545e-01,2.82247275e-01,3.96060682e-02,8.51926207e-01,1.88665557e-02,1.10066935e-01,-9.64710314e-04
0.00000000e+00,0.00000000e+00,0.00000000e+00,0.00000000e+00,0.00000000e+00,0.00000000e+00,0.00000000e+00
1.11867338e-02,8.65534842e-02,-3.50912719e-01,-3.69719415e-03,-3.18010896e-01,2.43075385e-01,-6.29940070e-03
0.00000000e+00,0.00000000e+00,0.00000000e+00,0.00000000e+00,0.00000000e+00,0.00000000e+00,0.00000000e+00
0.00000000e+00,0.00000000e+00,0.00000000e+00,0.00000000e+00,0.00000000e+00,0.00000000e+00,0.00000000e+00
0.00000000e+00,0.00000000e+00,0.00000000e+00,0.00000000e+00,0.00000000e+00,0.00000000e+00,0.00000000e+00
0.00000000e+00,0.00000000e+00,0.00000000e+00,0.00000000e+00,0.00000000e+00,0.00000000e+00,0.00000000e+00
0.00000000e+00,0.00000000e+00,0.00000000e+00,0.00000000e+00,0.00000000e+00,0.00000000e+00,0.00000000e+00
0.00000000e+00,0.00000000e+00,0.00000000e+00,0.00000000e+00,0.00000000e+00,0.00000000e+00,0.00000000e+00
0.00000000e+00,0.00000000e+00,0.00000000e+00,0.00000000e+00,0.00000000e+00,0.00000000e+00,0.00000000e+00
0.00000000e+00,0.00000000e+00,0.00000000e+00,0.00000000e+00,0.00000000e+00,0.00000000e+00,0.00000000e+00
0.00000000e+00,0.00000000e+00,0.00000000e+00,0.00000000e+00,0.00000000e+00,0.00000000e+00,0.00000000e+00
2.62124598e-01,2.41356357e-01,-2.30547025e-01,4.86177504e-02,-5.17296511e-03,-3.43367569e-02,1.52209983e-03
0.00000000e+00,0.00000000e+00,0.00000000e+00,0.00000000e+00,0.00000000e+00,0.00000000e+00,0.00000000e+00
0.00000000e+00,0.00000000e+00,0.00000000e+00,0.00000000e+00,0.00000000e+00,0.00000000e+00,0.00000000e+00
0.00000000e+00,0.00000000e+00,0.00000000e+00,0.00000000e+00,0.00000000e+00,0.00000000e+00,0.00000000e+00
-6.85538277e-02,5.03840208e-01,-1.65822595e-01,1.68900370e-01,2.81856916e-02,1.93475335e-01,-1.69347377e-03
0.00000000e+00,0.00000000e+00,0.00000000e+00,0.00000000e+00,0.00000000e+00,0.00000000e+00,0.00000000e+00
1.57624647e-01,7.38936960e-02,-1.85362160e-01,-1.94897621e-01,-8.64161457e-03,6.83360621e-02,3.87979904e-04
0.00000000e+00,0.00000000e+00,0.00000000e+00,0.00000000e+00,0.00000000e+00,0.00000000e+00,0.00000000e+00
1.04334773e-02,3.48181948e-02,-3.28800976e-02,-7.80768170e-02,-1.06932200e-01,-1.00868970e-01,3.68617451e-03
-5.02009242e-02,3.49080830e-01,-1.95798426e-01,-2.53857553e-01,-1.43321249e-02,-6.25411048e-03,-3.13851982e-03
-4.11605030e-01,6.41008019e-02,3.12122911e-01,-2.11250245e-01,-5.24268671e-02,2.29290500e-03,-3.39705892e-03
0.00000000e+00,0.00000000e+00,0.00000000e+00,0.00000000e+00,0.00000000e+00,0.00000000e+00,0.00000000e+00
0.00000000e+00,0.00000000e+00,0.00000000e+00,0.00000000e+00,0.00000000e+00,0.00000000e+00,0.00000000e+00
0.00000000e+00,0.00000000e+00,0.00000000e+00,0.00000000e+00,0.00000000e+00,0.00000000e+00,0.00000000e+00
0.00000000e+00,0.00000000e+00,0.00000000e+00,0.00000000e+00,0.00000000e+00,0.00000000e+00,0.00000000e+00
-2.40947008e-01,1.29059329e-01,-2.86983162e-01,1.08242601e-01,-2.11724400e-04,1.32829919e-02,5.77914528e-03
0.00000000e+00,0.00000000e+00,0.00000000e+00,0.00000000e+00,0.00000000e+00,0.00000000e+00,0.00000000e+00
0.00000000e+00,0.00000000e+00,0.00000000e+00,0.00000000e+00,0.00000000e+00,0.00000000e+00,0.00000000e+00
0.00000000e+00,0.00000000e+00,0.00000000e+00,0.00000000e+00,0.00000000e+00,0.00000000e+00,0.00000000e+00
0.00000000e+00,0.00000000e+00,0.00000000e+00,0.00000000e+00,0.00000000e+00,0.00000000e+00,0.00000000e+00
-2.79328733e-01,-5.21118193e-03,4.08067554e-01,9.66871380e-02,1.03661520e-02,2.30519965e-01,-3.20055376e-04
1.64870321e-01,2.72757373e-02,-1.70205697e-01,5.00276088e-02,1.28133397e-05,2.34261527e-03,1.45323178e-03
0.00000000e+00,0.00000000e+00,0.00000000e+00,0.00000000e+00,0.00000000e+00,0.00000000e+00,0.00000000e+00
0.00000000e+00,0.00000000e+00,0.00000000e+00,0.00000000e+00,0.00000000e+00,0.00000000e+00,0.00000000e+00
0.00000000e+00,0.00000000e+00,0.00000000e+00,0.00000000e+00,0.00000000e+00,0.00000000e+00,0.00000000e+00
0.00000000e+00,0.00000000e+00,0.00000000e+00,0.00000000e+00,0.00000000e+00,0.00000000e+00,0.00000000e+00
0.00000000e+00,0.00000000e+00,0.00000000e+00,0.00000000e+00,0.00000000e+00,0.00000000e+00,0.00000000e+00
0.00000000e+00,0.00000000e+00,0.00000000e+00,0.00000000e+00,0.00000000e+00,0.00000000e+00,0.00000000e+00
1.88305377e-01,5.05210936e-01,-1.94720383e-02,-8.96172784e-03,-2.70307231e-02,7.75372534e-02,-6.08827592e-03
-2.72639840e-02,-2.08364367e-01,-1.27568230e-01,-2.35498130e-01,1.56567944e-03,-1.52696102e-01,2.59792339e-03
0.00000000e+00,0.00000000e+00,0.00000000e+00,0.00000000e+00,0.00000000e+00,0.00000000e+00,0.00000000e+00
0.00000000e+00,0.00000000e+00,0.00000000e+00,0.00000000e+00,0.00000000e+00,0.00000000e+00,0.00000000e+00
7.78375416e-02,2.95640587e-01,3.33595842e-01,7.07839056e-02,-3.15419048e-01,-2.56520926e-01,6.58204429e-04
0.00000000e+00,0.00000000e+00,0.00000000e+00,0.00000000e+00,0.00000000e+00,0.00000000e+00,0.00000000e+00
0.00000000e+00,0.00000000e+00,0.00000000e+00,0.00000000e+00,0.00000000e+00,0.00000000e+00,0.00000000e+00
0.00000000e+00,0.00000000e+00,0.00000000e+00,0.00000000e+00,0.00000000e+00,0.00000000e+00,0.00000000e+00
0.00000000e+00,0.00000000e+00,0.00000000e+00,0.00000000e+00,0.00000000e+00,0.00000000e+00,0.00000000e+00
0.00000000e+00,0.00000000e+00,0.00000000e+00,0.00000000e+00,0.00000000e+00,0.00000000e+00,0.00000000e+00
0.00000000e+00,0.00000000e+00,0.00000000e+00,0.00000000e+00,0.00000000e+00,0.00000000e+00,0.00000000e+00
0.00000000e+00,0.00000000e+00,0.00000000e+00,0.00000000e+00,0.00000000e+00,0.00000000e+00,0.00000000e+00
0.00000000e+00,0.00000000e+00,0.00000000e+00,0.00000000e+00,0.00000000e+00,0.00000000e+00,0.00000000e+00
0.00000000e+00,0.00000000e+00,0.00000000e+00,0.00000000e+00,0.00000000e+00,0.00000000e+00,0.00000000e+00
-1.50093391e-01,-3.20469141e-02,2.90545672e-02,-1.17568127e-01,-3.41850630e-02,1.10431537e-02,-3.59926326e-03
0.00000000e+00,0.00000000e+00,0.00000000e+00,0.00000000e+00,0.00000000e+00,0.00000000e+00,0.00000000e+00
0.00000000e+00,0.00000000e+00,0.00000000e+00,0.00000000e+00,0.00000000e+00,0.00000000e+00,0.00000000e+00
0.00000000e+00,0.00000000e+00,0.00000000e+00,0.00000000e+00,0.00000000e+00,0.00000000e+00,0.00000000e+00
2.08271473e-01,-1.91996097e-02,-2.74607539e-01,-5.38870692e-02,9.59048792e-03,-1.32250487e-02,9.49052453e-04
0.00000000e+00,0.00000000e+00,0.00000000e+00,0.00000000e+00,0.00000000e+00,0.00000000e+00,0.00000000e+00
-4.33560699e-01,1.57945394e-01,3.99883002e-01,1.01189091e-02,-1.39837712e-01,-1.20097473e-01,-2.68624234e-03
0.00000000e+00,0.00000000e+00,0.00000000e+00,0.00000000e+00,0.00000000e+00,0.00000000e+00,0.00000000e+00
0.00000000e+00,0.00000000e+00,0.00000000e+00,0.00000000e+00,0.00000000e+00,0.00000000e+00,0.00000000e+00
0.00000000e+00,0.00000000e+00,0.00000000e+00,0.00000000e+00,0.00000000e+00,0.00000000e+00,0.00000000e+00
-4.00460988e-01,2.06683158e-01,6.37247264e-01,2.14473009e-01,-4.57321166e-01,-1.36349812e-01,-5.06446417e-03
0.00000000e+00,0.00000000e+00,0.00000000e+00,0.00000000e+00,0.00000000e+00,0.00000000e+00,0.00000000e+00
0.00000000e+00,0.00000000e+00,0.00000000e+00,0.00000000e+00,0.00000000e+00,0.00000000e+00,0.00000000e+00
0.00000000e+00,0.00000000e+00,0.00000000e+00,0.00000000e+00,0.00000000e+00,0.00000000e+00,0.00000000e+00
0.00000000e+00,0.00000000e+00,0.00000000e+00,0.00000000e+00,0.00000000e+00,0.00000000e+00,0.00000000e+00
5.30543401e-02,2.84254066e-02,7.34269805e-03,3.88254486e-02,1.21359955e-02,5.07084578e-02,-1.28975487e-04
0.00000000e+00,0.00000000e+00,0.00000000e+00,0.00000000e+00,0.00000000e+00,0.00000000e+00,0.00000000e+00
0.00000000e+00,0.00000000e+00,0.00000000e+00,0.00000000e+00,0.00000000e+00,0.00000000e+00,0.00000000e+00
9.19261723e-02,7.35757946e-02,-3.20953689e-02,-1.81147694e-01,3.56005760e-03,-5.58633357e-02,3.01512493e-03
0.00000000e+00,0.00000000e+00,0.00000000e+00,0.00000000e+00,0.00000000e+00,0.00000000e+00,0.00000000e+00
0.00000000e+00,0.00000000e+00,0.00000000e+00,0.00000000e+00,0.00000000e+00,0.00000000e+00,0.00000000e+00
0.00000000e+00,0.00000000e+00,0.00000000e+00,0.00000000e+00,0.00000000e+00,0.00000000e+00,0.00000000e+00
0.00000000e+00,0.00000000e+00,0.00000000e+00,0.00000000e+00,0.00000000e+00,0.00000000e+00,0.00000000e+00
3.72129268e-02,-1.38445794e-02,-3.97493876e-03,1.42628654e-01,3.39314490e-02,-2.11598426e-02,-1.79947749e-03
1.35891124e-01,2.64073193e-01,3.45131099e-01,-6.03469759e-02,4.32417467e-02,-5.23941591e-02,-2.78559233e-03
0.00000000e+00,0.00000000e+00,0.00000000e+00,0.00000000e+00,0.00000000e+00,0.00000000e+00,0.00000000e+00
0.00000000e+00,0.00000000e+00,0.00000000e+00,0.00000000e+00,0.00000000e+00,0.00000000e+00,0.00000000e+00
0.00000000e+00,0.00000000e+00,0.00000000e+00,0.00000000e+00,0.00000000e+00,0.00000000e+00,0.00000000e+00
-3.41571569e-02,2.10604488e-01,-5.24920597e-02,-1.02258652e-01,6.17579696e-03,6.74213096e-02,3.25575820e-04
0.00000000e+00,0.00000000e+00,0.00000000e+00,0.00000000e+00,0.00000000e+00,0.00000000e+00,0.00000000e+00
-1.30820386e-02,-5.69239705e-02,-2.55243390e-01,3.96724134e-01,4.95313256e-02,4.39032584e-01,4.26774658e-03
0.00000000e+00,0.00000000e+00,0.00000000e+00,0.00000000e+00,0.00000000e+00,0.00000000e+00,0.00000000e+00
0.00000000e+00,0.00000000e+00,0.00000000e+00,0.00000000e+00,0.00000000e+00,0.00000000e+00,0.00000000e+00
0.00000000e+00,0.00000000e+00,0.00000000e+00,0.00000000e+00,0.00000000e+00,0.00000000e+00,0.00000000e+00
0.00000000e+00,0.00000000e+00,0.00000000e+00,0.00000000e+00,0.00000000e+00,0.00000000e+00,0.00000000e+00
2.15850800e-01,2.20535874e-01,-2.60428905e-01,-6.99407011e-02,5.60517143e-03,1.04120830e-02,-2.17628403e-04
0.00000000e+00,0.00000000e+00,0.00000000e+00,0.00000000e+00,0.00000000e+00,0.00000000e+00,0.00000000e+00
0.00000000e+00,0.00000000e+00,0.00000000e+00,0.00000000e+00,0.00000000e+00,0.00000000e+00,0.00000000e+00
-3.62556427e-02,4.36699390e-01,4.10200685e-01,6.91521167e-03,2.04984638e-02,1.44148811e-01,-1.51897175e-03
0.00000000e+00,0.00000000e+00,0.00000000e+00,0.00000000e+00,0.00000000e+00,0.00000000e+00,0.00000000e+00
-9.98736768e-02,4.03272628e-01,-3.37800532e-02,-3.22094202e-01,9.30461809e-02,-4.93454784e-02,1.89459696e-03
0.00000000e+00,0.00000000e+00,0.00000000e+00,0.00000000e+00,0.00000000e+00,0.00000000e+00,0.00000000e+00
0.00000000e+00,0.00000000e+00,0.00000000e+00,0.00000000e+00,0.00000000e+00,0.00000000e+00,0.00000000e+00
-3.87943200e-02,2.20726415e-01,2.80095279e-01,-3.82775366e-02,5.41864454e-01,-3.39174628e-01,1.33849810e-02
0.00000000e+00,0.00000000e+00,0.00000000e+00,0.00000000e+00,0.00000000e+00,0.00000000e+00,0.00000000e+00
0.00000000e+00,0.00000000e+00,0.00000000e+00,0.00000000e+00,0.00000000e+00,0.00000000e+00,0.00000000e+00
0.00000000e+00,0.00000000e+00,0.00000000e+00,0.00000000e+00,0.00000000e+00,0.00000000e+00,0.00000000e+00
0.00000000e+00,0.00000000e+00,0.00000000e+00,0.00000000e+00,0.00000000e+00,0.00000000e+00,0.00000000e+00
0.00000000e+00,0.00000000e+00,0.00000000e+00,0.00000000e+00,0.00000000e+00,0.00000000e+00,0.00000000e+00
0.00000000e+00,0.00000000e+00,0.00000000e+00,0.00000000e+00,0.00000000e+00,0.00000000e+00,0.00000000e+00
0.00000000e+00,0.00000000e+00,0.00000000e+00,0.00000000e+00,0.00000000e+00,0.00000000e+00,0.00000000e+00
0.00000000e+00,0.00000000e+00,0.00000000e+00,0.00000000e+00,0.00000000e+00,0.00000000e+00,0.00000000e+00
0.00000000e+00,0.00000000e+00,0.00000000e+00,0.00000000e+00,0.00000000e+00,0.00000000e+00,0.00000000e+00
0.00000000e+00,0.00000000e+00,0.00000000e+00,0.00000000e+00,0.00000000e+00,0.00000000e+00,0.00000000e+00
0.00000000e+00,0.00000000e+00,0.00000000e+00,0.00000000e+00,0.00000000e+00,0.00000000e+00,0.00000000e+00
-1.75942882e-01,4.88649934e-01,3.83414626e-02,2.33795464e-01,-5.79811586e-03,3.11955809e-05,8.70918156e-04
0.00000000e+00,0.00000000e+00,0.00000000e+00,0.00000000e+00,0.00000000e+00,0.00000000e+00,0.00000000e+00
0.00000000e+00,0.00000000e+00,0.00000000e+00,0.00000000e+00,0.00000000e+00,0.00000000e+00,0.00000000e+00

# JACOBIAN_AFTER_LAYER_1 - 64 x 7
0.00000000e+00,0.00000000e+00,0.00000000e+00,0.00000000e+00,0.00000000e+00,0.00000000e+00,0.00000000e+00
-2.19145879e-01,9.88295435e-01,2.40898281e-01,9.26831364e-03,1.24930471e-01,-3.95959429e-02,-3.51690920e-03
0.00000000e+00,0.00000000e+00,0.00000000e+00,0.00000000e+00,0.00000000e+00,0.00000000e+00,0.00000000e+00
0.00000000e+00,0.00000000e+00,0.00000000e+00,0.00000000e+00,0.00000000e+00,0.00000000e+00,0.00000000e+00
-2.60559409e-01,1.02775323e+00,1.06901161e-01,2.20662280e-01,-9.80290770e-03,2.64218837e-01,4.73632849e-03
0.00000000e+00,0.00000000e+00,0.00000000e+00,0.00000000e+00,0.00000000e+00,0.00000000e+00,0.00000000e+00
-3.32001179e-01,9.19083535e-01,5.14661848e-01,-1.19219675e-01,2.23124697e-02,-1.51917710e-03,-1.43551011e-03
0.00000000e+00,0.00000000e+00,0.00000000e+00,0.00000000e+00,0.00000000e+00,0.00000000e+00,0.00000000e+00
-3.15634131e-01,8.11774551e-01,2.46041789e-01,-1.03238642e-01,1.39851272e-01,-7.18317553e-02,1.52116583e-03
-2.11936905e-02,1.62263619e+00,-3.68940263e-01,4.59493547e-02,2.97484844e-02,1.63867339e-01,-8.15160665e-03
-5.86014091e-02,8.84438216e-01,3.29350680e-02,1.73016726e-01,-5.79816177e-02,4.68897335e-02,-1.02667778e-03
-1.24469518e-01,1.11913442e+00,-5.64550697e-01,4.60765928e-01,2.98878341e-01,1.84314563e-01,-7.76776857e-03
0.00000000e+00,0.00000000e+00,0.00000000e+00,0.00000000e+00,0.00000000e+00,0.00000000e+00,0.00000000e+00
1.16546295e-01,9.29495155e-01,-4.00689803e-02,3.64552766e-01,3.12281195e-02,6.66604936e-02,2.21630674e-03
1.59963108e-02,8.34056675e-01,-4.76256161e-02,2.79998987e-01,8.96233599e-03,3.25216092e-02,-1.22126832e-03
0.00000000e+00,0.00000000e+00,0.00000000e+00,0.00000000e+00,0.00000000e+00,0.00000000e+00,0.00000000e+00
4.60052788e-01,7.76002883e-01,-4.69729870e-01,1.28906264e-01,-7.13501945e-02,1.15225382e-01,1.90949789e-03
0.00000000e+00,0.00000000e+00,0.00000000e+00,0.00000000e+00,0.00000000e+00,0.00000000e+00,0.00000000e+00
1.70612439e-01,1.14084696e+00,-1.18873670e-01,3.68607521e-01,-4.90607693e-02,1.08710609e-01,3.80633398e-04
1.11399650e-01,-4.60702568e-01,1.73090025e-01,4.50886666e-01,1.26599237e-01,8.28494355e-02,-2.39481893e-03
0.00000000e+00,0.00000000e+00,0.00000000e+00,0.00000000e+00,0.00000000e+00,0.00000000e+00,0.00000000e+00
0.00000000e+00,0.00000000e+00,0.00000000e+00,0.00000000e+00,0.00000000e+00,0.00000000e+00,0.00000000e+00
-2.62613147e-01,6.28478765e-01,5.63425235e-02,-1.26363307e-01,2.38899722e-01,-9.96968671e-02,-5.49680786e-04
0.00000000e+00,0.00000000e+00,0.00000000e+00,0.00000000e+00,0.00000000e+00,0.00000000e+00,0.00000000e+00
-9.06307548e-02,1.17339360e+00,3.28699275e-02,1.87059268e-01,-7.10216760e-02,2.81981043e-02,1.34122488e-03
3.81856501e-01,-1.73641502e-01,1.09886310e-01,3.09318453e-01,3.87026444e-02,1.35346040e-01,-1.30719656e-03
0.00000000e+00,0.00000000e+00,0.00000000e+00,0.00000000e+00,0.00000000e+00,0.00000000e+00,0.00000000e+00
0.00000000e+00,0.00000000e+00,0.00000000e+00,0.00000000e+00,0.00000000e+00,0.00000000e+00,0.00000000e+00
-6.90384924e-01,8.61373841e-01,7.71267712e-01,-8.75959396e-02,-1.03741519e-01,4.45621050e-02,-1.48203584e-03
0.00000000e+00,0.00000000e+00,0.00000000e+00,0.00000000e+00,0.00000000e+00,0.00000000e+00,0.00000000e+00
4.18563261e-02,8.95525455e-01,-1.12893968e-01,1.80507972e-01,3.19529771e-02,-1.12165465e-01,4.70269296e-04
0.00000000e+00,0.00000000e+00,0.00000000e+00,0.00000000e+00,0.00000000e+00,0.00000000e+00,0.00000000e+00
7.45669603e-02,1.54657542e-01,3.27899783e-01,4.78999346e-01,-3.14132362e-01,-1.01485326e-02,-6.50056265e-03
0.00000000e+00,0.00000000e+00,0.00000000e+00,0.00000000e+00,0.00000000e+00,0.00000000e+00,0.00000000e+00
0.00000000e+00,0.00000000e+00,0.00000000e+00,0.00000000e+00,0.00000000e+00,0.00000000e+00,0.00000000e+00
0.00000000e+00,0.00000000e+00,0.00000000e+00,0.00000000e+00,0.00000000e+00,0.00000000e+00,0.00000000e+00
1.48731142e-01,8.60140740e-01,-2.53202021e-03,3.30068111e-01,6.61970824e-02,5.05313426e-02,1.46238214e-03
-1.66107147e-01,8.56396257e-01,4.37129795e-01,2.31947034e-01,6.62345811e-02,2.88992933e-03,1.30915478e-03
0.00000000e+00,0.00000000e+00,0.00000000e+00,0.00000000e+00,0.00000000e+00,0.00000000e+00,0.00000000e+00
0.00000000e+00,0.00000000e+00,0.00000000e+00,0.00000000e+00,0.00000000e+00,0.00000000e+00,0.00000000e+00
0.00000000e+00,0.00000000e+00,0.00000000e+00,0.00000000e+00,0.00000000e+00,0.00000000e+00,0.00000000e+00
1.56583115e-01,1.12064206e+00,-1.46658971e-01,2.07477003e-01,-1.37713141e-02,1.06988780e-01,4.97129978e-03
-7.03943148e-02,2.73569434e-01,1.01052761e-01,-1.21679179e-01,4.20196056e-02,-5.01493029e-02,-2.69728177e-03
8.23270827e-02,8.02507638e-01,1.87702812e-02,3.86717736e-01,-1.45784346e-03,8.08164626e-02,2.48038140e-03
-2.09617331e-01,1.31486392e+00,1.14083401e-01,3.51291120e-01,2.20407858e-01,4.16001193e-02,-2.43653333e-03
-6.47180527e-03,7.16399371e-01,-6.31974115e-02,-7.77007639e-02,-5.59626147e-02,-5.08776083e-02,-9.01446037e-04
3.69115993e-02,7.80513286e-01,-1.54965013e-01,1.10377565e-01,-6.15117251e-02,1.08479797e-01,-2.32510967e-03
0.00000000e+00,0.00000000e+00,0.00000000e+00,0.00000000e+00,0.00000000e+00,0.00000000e+00,0.00000000e+00
0.00000000e+00,0.00000000e+00,0.00000000e+00,0.00000000e+00,0.00000000e+00,0.00000000e+00,0.00000000e+00
-2.25472390e-01,4.87273097e-01,1.15476861e-01,-4.24749180e-02,-1.18651472e-01,-1.86440125e-02,-9.55995637e-04
-9.23584401e-03,1.13244104e+00,1.10659375e-02,4.33710604e-01,-2.26250868e-02,1.36758416e-01,1.85977458e-03
2.63324081e-01,9.82954680e-01,-1.80749073e-01,2.38769933e-01,-5.45200258e-02,1.24358706e-01,2.32606916e-03
0.00000000e+00,0.00000000e+00,0.00000000e+00,0.00000000e+00,0.00000000e+00,0.00000000e+00,0.00000000e+00
0.00000000e+00,0.00000000e+00,0.00000000e+00,0.00000000e+00,0.00000000e+00,0.00000000e+00,0.00000000e+00
2.20936834e-01,9.13959980e-01,-8.33108499e-02,4.11714792e-01,-2.95634623e-02,2.58497036e-02,1.16023258e-03
2.04389035e-01,1.06105947e+00,-4.86700087e-02,4.54265683e-01,2.65924315e-02,6.85631260e-02,-1.03662430e-04
-9.27519276e-02,1.00863230e+00,1.66082292e-01,1.92902863e-01,1.00258775e-02,1.50559209e-02,2.28462112e-03
1.32264122e-01,8.44788610e-01,2.57397368e-02,2.79519677e-01,1.67163833e-02,2.90237888e-02,1.50491483e-03
-1.57108306e-01,4.45882499e-01,-4.56484034e-03,-9.52631682e-02,1.53157562e-01,-8.11090245e-02,-3.80847649e-03
0.00000000e+00,0.00000000e+00,0.00000000e+00,0.00000000e+00,0.00000000e+00,0.00000000e+00,0.00000000e+00
0.00000000e+00,0.00000000e+00,0.00000000e+00,0.00000000e+00,0.00000000e+00,0.00000000e+00,0.00000000e+00
0.00000000e+00,0.00000000e+00,0.00000000e+00,0.00000000e+00,0.00000000e+00,0.00000000e+00,0.00000000e+00
0.00000000e+00,0.00000000e+00,0.00000000e+00,0.00000000e+00,0.00000000e+00,0.00000000e+00,0.00000000e+00
1.50285795e-01,1.85558617e-01,4.37131822e-02,7.23907575e-02,1.22875928e-01,-7.28258639e-02,5.57730719e-03

